0.0438276  0.845061
0.25  1
0.216804  0.720696
0.216804  0.720696
0.154939  0.956172
0.154939  0.956172
0.0438276  0.845061
0.0438276  0.845061
0.154939  0.956172
0.673023  2.37385
0.154939  0.956172
0.222222  0.666667
0.25  1
0.222222  0.666667
0.44759  1.07241
0.86075  0.32675
0.689443  0.510557
1  0.28
1.25  0.125
1.25  0.125
0.0438276  0.845061
0.25  1
0.222222  0.666667
0.25  1
0.0438276  0.845061
0.222222  1.66667
0.25  1
0.216804  0.720696
0.216804  0.720696
0.190983  1.30902
0.0438276  0.845061
1.09505  0.34245
0  0.666667
1.35579  2.21421
1.85742  2.69813
1  0.6
1.25  0.125
0.0438276  0.845061
0.25  1
0.216804  0.720696
0.216804  0.720696
0.25  1
0.0438276  0.845061
0.0438276  0.845061
0.25  1
0.417077  2.29897
1.47782  0.481365
0.190983  1.30902
0.75  0.625
1.09505  0.34245
1.25  0.125
0.32675  0.86075
0.25  1
0.0438276  0.845061
1.30902  0.190983
0.125  0.75
0.125  0.75
1.40474  2.66137
0.548938  1.13856
2.18952  3.15423
0.956172  0.154939
0.75  0.625
0.25  1
0.0438276  0.845061
0.125  0.75
0.125  0.75
0.86075  0.32675
0.44759  1.07241
0.32675  0.86075
1  0.6
1.07241  0.44759
0.0438276  0.845061
0.25  1
0.216804  0.720696
0.216804  0.720696
0.25  1
0.0438276  0.845061
0.0438276  0.845061
0.25  1
0.0438276  0.845061
0.0438276  0.845061
0.25  1
0.0438276  0.845061
1  0.25
1.33333  0.444444
1.07241  0.44759
1  0.6
0.845061  0.0438276
0.845061  0.0438276
0.75  0.625
0.956172  0.154939
2.70542  1.64026
3.49179  1.30821
1.99156  2.65041
3.18182  1.71074
0.154939  0.956172
1.4244  2.40276
0  0.666667
0.154939  0.956172
0.222222  0.666667
0.44759  1.07241
0.86075  0.32675
0.125  0.75
0.504593  0.935407
0.75  0.625
0.44759  1.07241
0.8  0.56
0.8  0.56
0.666667  1
0.86075  0.32675
0.0438276  0.845061
0.190983  1.30902
0.0438276  0.845061
0.0438276  0.845061
0.25  1
0.0438276  0.845061
0.0438276  0.845061
0.25  1
0.0438276  0.845061
0.86075  0.32675
0.44759  1.07241
0.75  0.625
2.5203  1.1697
0.548938  1.13856
1.07241  0.44759
1  0.25
0.504593  0.935407
0.216804  0.720696
0.154939  0.956172
1  1
1.68929  2.77946
1.19995  2.33091
1  1
0.75  0.625
0.25  1
0.0438276  0.845061
1.57205  2.47753
0.0438276  0.845061
0.154939  0.956172
0.119375  2.68062
0.777778  2.58333
0.154939  0.956172
0.75  0.625
0.75  0.625
0.25  1
0.75  0.625
0.8  0.56
0.44759  1.07241
0.216804  0.720696
0.216804  0.720696
0.25  1
0.216804  0.720696
0.216804  0.720696
0.190983  1.30902
0.0438276  0.845061
0.0438276  0.845061
3.59248  0.546409
0.154939  0.956172
0.32675  0.86075
1.25  0.125
1  0.333333
0.25  1
0.510557  0.689443
0.916667  0.555556
1.09505  0.34245
0.125  0.75
1.125  0.25
2.84384  1.62144
1.1937  2.7863
1.14385  2.95492
0.101915  1.45364
0.222222  0.666667
0.154939  0.956172
2.23092  2.79387
3.67971  1.30466
0.352449  1.78644
1.64684  2.92459
1.74548  0.726747
0.666667  0.888889
0.6875  2.25
2.89881  2.33576
1.33333  0.444444
0.154939  0.956172
0.0438276  0.845061
0.125  0.75
0.125  0.75
0.125  0.75
0.125  0.75
0.921887  3.13367
1.44898  2.14286
1.25  0.125
1.25  0.125
0.0438276  0.845061
0.154939  0.956172
0.530612  2.57143
0.154939  0.956172
0.0438276  0.845061
0.0438276  0.845061
0.25  1
0.222222  0.666667
0.25  1
0.510557  0.689443
1.09761  0.262388
0.504593  0.935407
0.504593  0.935407
1.33333  0.444444
1.07241  0.44759
1.24322  2.39314
0.956172  0.154939
0.888889  0.666667
0.538837  2.43116
0.154939  0.956172
0.576552  2.18888
2.05656  1.24031
2.8026  1.61716
3.14286  1.38776
3.46697  0.53303
2.7559  2.08785
1.69607  2.83454
1.53816  3.68407
1.30143  2.69857
2.19088  2.99279
1.68489  2.11103
0.0438276  0.845061
0.154939  0.956172
0.222222  3
0.154939  0.956172
0.0438276  0.845061
0.0438276  0.845061
0.154939  0.956172
0.418225  3.38733
0.616764  2.52213
0.718765  2.01593
0.154939  0.956172
0.222222  0.666667
0.154939  0.956172
0.154939  0.956172
0.0438276  0.845061
0.0438276  0.845061
0.154939  0.956172
0.154939  0.956172
0.0438276  0.845061
0.0438276  0.845061
0.25  1
0.219304  2.39294
0.0438276  0.845061
0.154939  0.956172
0.7569  2.55174
0.154939  0.956172
0.216804  0.720696
0.262388  1.09761
1  0.6
0.666667  0.888889
0.5  0.75
0.86075  0.32675
0  0.666667
0.75  0.5
0.86075  0.32675
0.44759  1.07241
0.75  0.625
0.504593  0.935407
0.504593  0.935407
1.07241  0.44759
1.09505  0.34245
1.09505  0.34245
1.33333  0.444444
1.82092  2.46908
2.41051  0.813975
1.42857  2.97959
2.67393  1.77505
2.47968  2.6922
2.99185  1.21224
3.4728  2.13831
6.37438  4.02797
5.32618  3.97961
3.04  2.6
0.96  0.8
0.0438276  0.845061
0.154939  0.956172
0.154939  0.956172
0.0438276  0.845061
0.75  0.625
0.25  1
0.0438276  0.845061
1.30902  0.190983
0.0438276  0.845061
0.154939  0.956172
0.6875  2.5
0.154939  0.956172
0.222222  0.666667
0.154939  0.956172
0.154939  0.956172
0.222222  0.666667
0.25  1
0.0438276  0.845061
1.25  0.125
1  0.6
0.8  0.56
0.44759  1.07241
0.222222  0.666667
0.25  1
0.222222  0.666667
0.25  1
0.0438276  0.845061
0.0438276  0.845061
0.25  1
0.216804  0.720696
0.216804  0.720696
0.154939  0.956172
0.154939  0.956172
0.222222  0.666667
0.25  1
0.222222  0.666667
0.25  1
0.222222  0.666667
0.154939  0.956172
0.538199  3.04513
0.575379  2.22462
0.64  2
0.575379  2.22462
0.418225  3.38733
0.154939  0.956172
0.75  0.625
0.96  0.8
1.09505  0.34245
0.795948  2.43862
1  0.333333
1  1
1.31195  2.63249
2.95596  1.73848
5.98196  4.0111
1.54188  2.45812
0.666667  0.888889
1.33333  0.444444
2.61728  1.77778
2.53942  1.51058
0.154939  0.956172
1.07088  2.39851
0.418225  3.38733
0.154939  0.956172
0.75  0.625
1.09505  0.34245
1.09505  0.34245
0.75  0.625
0.190983  1.30902
0.0438276  0.845061
0.0438276  0.845061
0.25  1
0.0438276  0.845061
0.0438276  0.845061
0.25  1
0.222222  0.666667
0.154939  0.956172
0.154939  0.956172
0.0438276  0.845061
0.0438276  0.845061
0.154939  0.956172
0.154939  0.956172
0.0438276  0.845061
0.0438276  0.845061
0.25  1
0.222222  0.666667
0.154939  0.956172
0.154939  0.956172
0.222222  0.666667
0.190983  1.30902
0.0438276  0.845061
1.07241  0.44759
0.125  0.75
0.125  0.75
1.09505  0.34245
0.504593  0.935407
0.125  0.75
0  0.666667
3.12239  2.0165
2.25607  1.34393
0.342396  3.1776
0.666667  0.222222
1.18037  2.69718
1.69388  2.14286
1.87086  2.57359
0.272888  2.17156
1.09598  3.27902
1.33333  0.444444
1.33333  0.444444
0.932629  2.51182
2.05434  1.77282
0.886459  2.23854
1.33333  0.444444
0.0438276  0.845061
0.154939  0.956172
0.119375  2.68062
0  2.5
0  2.5
0.119375  2.68062
0.154939  0.956172
0.75  0.625
0.75  0.625
0.25  1
0.0438276  0.845061
0  0.666667
0.75  0.625
0.154939  0.956172
0.475161  2.99423
0.154939  0.956172
0.216804  0.720696
0.216804  0.720696
0.25  1
0.222222  0.666667
0.154939  0.956172
0.731151  2.61579
0.888889  2
0.979592  2.57143
0.897959  2.28571
0.851442  2.36731
0.154939  0.956172
0.222222  0.666667
0.154939  0.956172
0.852827  2.25828
0.852827  2.25828
0.154939  0.956172
0.0438276  0.845061
0.0438276  0.845061
0.154939  0.956172
0.154939  0.956172
0.222222  0.666667
0.25  1
0.216804  0.720696
0.216804  0.720696
0.25  1
0.222222  0.666667
0.25  1
0.216804  0.720696
0.216804  0.720696
0.25  1
0.222222  0.666667
0.190983  1.30902
2.55501  0.866862
0.956172  0.154939
2.47338  1.8044
1.61677  1.91409
0.830635  2.23109
0.963669  2.48633
0.666667  0.888889
1  1
3  1.84
1.52151  2.84849
1.28087  2.27468
0.847876  2.02712
1.57255  2.84721
2.33333  1.22222
3.13566  1.22545
3.4401  1.9349
3.25014  1.97435
3.74164  1.05836
1.2421  3.22665
2.64  1.4
1.1041  2.87121
0.504593  0.935407
0.125  0.75
0  0.666667
0.96  0.8
1  0.6
1.25  0.125
0.0438276  0.845061
0.25  1
0.0438276  0.845061
0.0438276  0.845061
0.154939  0.956172
0.484972  2.34836
0.538199  3.04513
0.154939  0.956172
0.0438276  0.845061
1.30902  0.190983
1.42502  3.06881
2.50474  1.52304
1.86313  2.83075
0.732067  3.07349
1.09505  0.34245
0.96  0.8
0.96  0.8
0.504593  0.935407
0.125  0.75
0  0.666667
1.27004  2.82873
2.98346  1.11029
6.5019  4.3981
3.58707  1.10737
1.12778  3.41543
3.0053  2.2447
1.76386  2.59552
0.730628  2.36312
0.695837  1.97604
0.101915  1.45364
0.222222  0.666667
0.154939  0.956172
0.666667  0.888889
0.75  0.625
0.154939  0.956172
0.705823  2.32195
0.554132  2.72365
0.154939  0.956172
0.75  0.625
0.8  0.56
0.5  0.75
0.154939  0.956172
0.75  0.625
0.0438276  0.845061
0.190983  1.30902
0.222222  0.666667
0.154939  0.956172
0.154939  0.956172
0.0438276  0.845061
0.689443  0.510557
0.935407  0.504593
2.66667  1.11111
2.02155  3.08783
0.0438276  0.845061
0.190983  1.30902
0.222222  0.666667
0.25  1
0.222222  0.666667
0.154939  0.956172
0.765432  2.22222
0.154939  0.956172
0.222222  0.666667
0.25  1
0.216804  0.720696
0.216804  0.720696
0.154939  0.956172
0.119375  2.68062
0.119375  2.68062
0.154939  0.956172
0.222222  0.666667
0.154939  0.956172
0.579664  2.47589
0.754322  2.35679
0.897959  2.28571
0.988601  2.37077
0.9375  2
0.9375  2
0.988601  2.37077
0.885886  2.84849
0.154939  0.956172
0.0438276  0.845061
0  0.666667
0  0.666667
0.125  0.75
0.125  0.75
0.75  0.5
0  0.666667
0.956172  0.154939
0.102488  2.25862
0.154939  0.956172
0.222222  0.666667
2.35296  1.00507
1.77778  3.01235
3.07869  1.58798
0  0.666667
2.29385  1.89365
0.34245  1.09505
0.86075  0.32675
2.29715  1.4216
1  0.666667
1.25  0.125
0.845061  0.0438276
0.845061  0.0438276
0.262388  1.09761
0.333333  0.111111
4.88213  3.98505
2.45311  1.01912
1.25  0.125
1.25  0.125
0.0438276  0.845061
0.25  1
0.222222  0.666667
0.25  1
0.222222  0.666667
0.25  1
0.216804  0.720696
0.216804  0.720696
0.25  1
0.222222  0.666667
0.154939  0.956172
0.154939  0.956172
0.222222  0.666667
0.154939  0.956172
0.538199  3.04513
0.770861  2.20873
0.5  0.75
0.86075  0.32675
0.125  0.75
0.125  0.75
1.09505  0.34245
1  0.666667
0  0.666667
0.75  0.5
0.888889  0.666667
3.59247  0.796419
3.25938  1.58437
2.30271  1.08504
2.85163  1.31504
2.37381  0.735566
0.154939  0.956172
0.222222  0.666667
1.08241  2.40759
1.07241  0.44759
1.07241  0.44759
3.0792  2.22693
0.34245  1.09505
0.86075  0.32675
0.0438276  0.845061
0.25  1
0.216804  0.720696
0.216804  0.720696
0.154939  0.956172
0.538199  3.04513
0.575379  2.22462
0.566556  2.239
0.154939  0.956172
0.222222  0.666667
0.25  1
0.222222  0.666667
0.154939  0.956172
0.58526  2.83662
0.154939  0.956172
0.32675  0.86075
1.25  0.125
0.0438276  0.845061
0.190983  1.30902
0.222222  0.666667
0.154939  0.956172
0.154939  0.956172
0.0438276  0.845061
1.09505  0.34245
1.09505  0.34245
0.310926  2.17345
0.0438276  0.845061
0.154939  0.956172
0  0.666667
1.57593  2.51407
2.34835  1.4954
1.57631  2.54715
2.40943  1.85503
0.32675  0.86075
0.845061  0.0438276
0.555556  0.916667
0.25  1
0.32675  0.86075
0.32675  0.86075
0.101915  1.45364
2.4898  1.42857
1.09505  0.34245
1  0.25
0.0438276  0.845061
0.25  1
0.0438276  0.845061
0.0438276  0.845061
0.25  1
0.222222  0.666667
0.25  1
0.222222  0.666667
0.190983  1.30902
0.0438276  0.845061
0.833333  0.777778
0.916667  0.555556
0.75  0.625
0.190983  1.30902
0.32675  0.86075
1.25  0.125
0.75  0.5
0.760174  3.05983
1.35749  2.26751
0.952773  3.17946
0.888889  0.666667
1.33333  0.444444
1  0.25
0.956172  0.154939
0.75  0.5
0.154939  0.956172
1.06395  2.37605
0.222557  2.52744
2.25  1.625
0.845061  0.0438276
0.32675  0.86075
0.25  1
1  0.333333
0.0438276  0.845061
0.154939  0.956172
0.511528  2.71296
0.154939  0.956172
0.216804  0.720696
0.216804  0.720696
0.25  1
0.0438276  0.845061
0.0438276  0.845061
0.25  1
0.222222  0.666667
0.44759  1.07241
0.86075  0.32675
1.09505  0.34245
0.125  0.75
0.504593  0.935407
0.96  0.8
0.504593  0.935407
0.504593  0.935407
0.75  0.625
0.25  1
0.0438276  0.845061
0.154939  0.956172
0.32675  0.86075
0.845061  0.0438276
0.956172  0.154939
1.58267  2.25204
2.94164  0.258359
1.30902  0.190983
0.0438276  0.845061
0.25  1
0.222222  0.666667
0.154939  0.956172
0.154939  0.956172
0.216804  0.720696
0.216804  0.720696
0.25  1
0.222222  0.666667
0.25  1
0.216804  0.720696
0.216804  0.720696
0.25  1
0.0438276  0.845061
1.25  0.125
1  0.6
1.07241  0.44759
0.0438276  0.845061
0.190983  1.30902
1.24911  2.7015
1.59184  2
4.55625  3.6686
1.25  0.125
0.845061  0.0438276
0.0438276  0.845061
0.25  1
2.56659  1.04341
0.0438276  0.845061
0.190983  1.30902
0.0438276  0.845061
1.25  0.125
1.25  0.125
1.66667  0.222222
0.190983  1.30902
0.0438276  0.845061
3.33918  0.90082
1  0.25
1.25  1.04688
0.5  0.75
0.86075  0.32675
2.56659  1.04341
0.25  1
0.0438276  0.845061
1  0.25
2.70711  1.29289
2.54016  14.3309
1  0.25
1.07241  0.44759
0.75  0.625
0.190983  1.30902
0.0438276  0.845061
0.86075  0.32675
0.34245  1.09505
4.73238  0.0676192
0.0438276  0.845061
0.190983  1.30902
1.47782  0.481365
1.25  0.125
0.56  0.8
0.75  0.625
1.25  0.125
0.845061  0.0438276
1.25  0.125
1.25  0.125
0.709901  3.4776
1.45364  0.101915
1.25  0.125
1.25  0.125
1.25  0.125
1.25  0.125
0.956172  0.154939
1  0.25
0.0438276  0.845061
0.154939  0.956172
0.154939  0.956172
0.0438276  0.845061
0.548938  1.13856
0.305573  2.09443
0.666667  0
0.86075  0.32675
1.25  0.125
1.25  0.125
2.75873  0.960021
1.9273  3.06444
0.5  0.75
0.666667  0.222222
0.0438276  0.845061
0.154939  0.956172
0.154939  0.956172
0.216804  0.720696
0.216804  0.720696
0.154939  0.956172
0.154939  0.956172
0.222222  0.666667
0.25  1
0.216804  0.720696
0.262388  1.09761
1.25  0.125
0.177174  2.30283
1  0.25
1.25  0.125
1  0.6
2.67976  1.80462
0.956172  0.154939
0.0438276  0.845061
0.154939  0.956172
0.154939  0.956172
0.32675  0.86075
1.25  0.125
0.689443  0.510557
1  0.28
0  0.666667
1  0.28
0.689443  0.510557
2.72969  0.821333
1.25  0.125
0.845061  0.0438276
0.845061  0.0438276
1  0.6
2.12385  2.01615
2.59632  2.22001
0.956172  0.154939
0.0438276  0.845061
0.154939  0.956172
0.154939  0.956172
0.0438276  0.845061
0.0438276  0.845061
0.190983  1.30902
0.0438276  0.845061
1.09505  0.34245
0.196395  1.55871
1.45364  0.101915
1.96594  0.972836
1.25  0.125
1.25  0.125
1  0.25
1  1
3.70212  6.87566
2.29423  1.19015
0.845061  0.0438276
0.845061  0.0438276
0.0438276  0.845061
0.25  1
0.510557  0.689443
1.09761  0.262388
0.0438276  0.845061
0.44759  1.07241
0.86075  0.32675
0.873336  2.04854
3.89778  3.8
0.888889  0.666667
11.0618  3.99675
1.25  0.125
1.25  0.125
0.689443  0.510557
0.935407  0.504593
2.10331  1.77424
0.956172  0.154939
1  0.25
1.25  0.125
1.25  0.125
1  0.28
0.720696  0.216804
1.45364  0.101915
2.81199  1.96579
2.90103  0.47397
0.34245  1.09505
0.86075  0.32675
0.845061  0.0438276
0.262388  1.09761
0.333333  0.111111
0.666667  0.222222
0.44759  1.07241
0.32675  0.86075
0.845061  0.0438276
1.25  0.125
1.25  0.125
0.956172  0.154939
1.60293  3.1193
0.161777  2.06044
2.97265  0.714851
4.56566  2.04659
2.89861  1.76255
1  0.25
1.30902  0.190983
1.80902  0.690983
1.13856  0.548938
1.07241  0.44759
0.845061  0.0438276
1  0.6
2.64104  1.44059
2.18026  6.75974
0.222222  0.666667
1.70914  5.67862
0.637173  2.55033
2.85163  1.31504
1.05888  4.30223
0.234315  1.36569
1  0.6
0.845061  0.0438276
1.25  0.125
0.845061  0.0438276
3.38374  0.394042
2.49129  0.570437
0.75  0.625
0.845061  0.0438276
1.30902  0.190983
2.16986  1.47014
1.66178  2.99129
2.05336  2.27317
1.54553  6.48225
5.87881  2.8967
1.33333  0.444444
2.24  2
0.842621  3.82405
0.732787  2.76721
0.446486  3.15351
0.888889  0.666667
0.0438276  0.845061
0.154939  0.956172
0.154939  0.956172
0.0438276  0.845061
0.0438276  0.845061
0.25  1
0.222222  0.666667
0.154939  0.956172
0.222222  3
0.154939  0.956172
0.222222  0.666667
0.25  1
0.222222  0.666667
0.25  1
0.0438276  0.845061
0.0438276  0.845061
0.154939  0.956172
0.154939  0.956172
0.222222  0.666667
0.25  1
0.216804  0.720696
0.216804  0.720696
0.25  1
0.0438276  0.845061
0.0438276  0.845061
0.25  1
0.32675  0.86075
1  0.6
0.956172  0.154939
1.30902  0.190983
2.39294  0.219304
0.190983  1.30902
1  0.333333
0.888889  0.666667
0.679474  3.72053
4.12052  1.15726
1.33333  0
4.34517  5.38483
1.6283  2.49415
3.1355  1.08672
0.956172  0.154939
0.8  0.96
0.86075  0.32675
0.0438276  0.845061
0.25  1
0.216804  0.720696
0.216804  0.720696
0.154939  0.956172
0.175955  3.15738
0.154939  0.956172
0.0438276  0.845061
0  0.666667
0  0.666667
0.75  0.5
0.0438276  0.845061
0.25  1
0.75  0.625
0.75  0.5
0.689443  0.510557
0.777778  0.833333
0.75  0.625
0.190983  1.30902
0.222222  0.666667
0.154939  0.956172
0.511528  2.71296
0.154939  0.956172
0.216804  0.720696
0.216804  0.720696
0.154939  0.956172
0.154939  0.956172
0.0438276  0.845061
0.0438276  0.845061
0.25  1
0.216804  0.720696
0.216804  0.720696
0.25  1
0.510557  0.689443
1.09761  0.262388
1.09505  0.34245
1.33333  0.444444
2.875  1
0.666667  0.222222
0.44759  1.07241
2.39643  0.615913
1  0.25
1.68374  2.71132
1.02003  1.92441
3.13535  1.61465
0.154939  0.956172
0.720696  0.216804
0.833333  0.777778
1  0.25
0.0438276  0.845061
0.154939  0.956172
0.222222  3
0.154939  0.956172
0.222222  0.666667
0.25  1
0.216804  0.720696
0.216804  0.720696
0.25  1
0.0438276  0.845061
0.0438276  0.845061
0.25  1
0.32675  0.86075
1.25  0.125
0.125  0.75
0.125  0.75
1.54137  2.41863
1.74371  2.50422
1.51901  2.47404
0.956172  0.154939
1.19835  2.27273
1.09505  0.34245
0.125  0.75
0.125  0.75
0.86075  0.32675
0.5  0.75
0.154939  0.956172
0.222222  0.666667
0.190983  1.30902
0.0438276  0.845061
0.125  0.75
0.504593  0.935407
0.504593  0.935407
0.333333  0.111111
1.33333  0.444444
4  0.444444
0.988587  2.62252
1.30902  0.190983
0.845061  0.0438276
0.845061  0.0438276
2.21612  1.70388
0.333333  0.111111
0.333333  0.111111
2.24857  5.4249
3.58224  1.68307
1.61058  7.44497
0.8  0.24
0.857143  0.530612
0.693878  0.857143
0.689443  0.510557
0.0438276  0.845061
0.154939  0.956172
0.154939  0.956172
0.0438276  0.845061
0.0438276  0.845061
0.154939  0.956172
0.222222  3
0.154939  0.956172
0.216804  0.720696
0.216804  0.720696
0.190983  1.30902
0.0438276  0.845061
0  0.666667
0.125  0.75
0.125  0.75
0.86075  0.32675
0.44759  1.07241
0.0438276  0.845061
0.0438276  0.845061
0.25  1
0.222222  0.666667
0.190983  1.30902
0.75  0.625
1.09505  0.34245
1.52409  2.67999
1.94023  2.65352
0.987484  3.49689
1.26491  2.95731
1.11667  2.92415
1  0.25
1.09505  0.34245
1.33333  0.444444
2.19151  2.50236
1.33333  0.444444
1.36824  2.65954
1.25  0.125
0.845061  0.0438276
0.956172  0.154939
0.172992  1.26451
0.333333  0.111111
0.333333  0.111111
0.0421667  3.51339
3.30081  7.04487
1.71612  2.22832
0.720696  0.216804
0.693878  0.857143
0.555556  0.666667
0.510557  0.689443
0.190983  1.30902
0.222222  0.666667
0.25  1
0.0438276  0.845061
0.0438276  0.845061
0.25  1
0.222222  0.666667
0.154939  0.956172
0.368566  3.10082
0.5  0.75
0.8  0.56
0.75  0.625
0.25  1
0.0438276  0.845061
0.125  0.75
0.504593  0.935407
1.45364  0.101915
0.0438276  0.845061
0.190983  1.30902
0.222222  0.666667
0.190983  1.30902
0.0438276  0.845061
0  0.666667
1.33333  0.444444
5.24409  3.30693
10.7875  6.34265
7.67529  3.00471
1.125  1.75
2.72319  0.716805
2.37183  1.54817
0.86075  0.32675
0.34245  1.09505
1.52589  2.14758
2.55938  1.60389
2.66852  2.84169
2.60131  1.88848
2.10153  2.91888
0.845061  0.0438276
1.25  0.125
0.956172  0.154939
2.16  2
2.70308  6.45394
1.33333  0.444444
0.0840222  2.60348
5.29502  0.982754
5.65971  3.52396
1.13856  0.548938
1.09505  0.34245
1  0.666667
0.75  0.625
0.154939  0.956172
0.119375  2.68062
0.379125  2.75976
0.154939  0.956172
0.222222  0.666667
0.25  1
0.222222  0.666667
0.25  1
0.222222  0.666667
0.25  1
0.222222  0.666667
0.25  1
0.222222  0.666667
0.25  1
0.216804  0.720696
0.216804  0.720696
0.44759  1.07241
0.86075  0.32675
0  0.666667
0.0438276  0.845061
0.154939  0.956172
0.666667  0.888889
2.56813  1.90101
2.92995  0.830048
3.16247  1.8219
0  0.666667
3.19549  1.72117
1.41829  4.27616
1.60188  3.58179
4.04488  0.435118
6.33153  3.12847
1.15181  2.52819
1.48587  2.83511
0.75  0.625
0.897959  2.28571
5.60283  4.5425
2.5  1.11111
2.19689  1.24756
0.956172  0.154939
1.25  0.125
0.75  0.625
1.00478  2.67522
1.36  2
1.33333  2.27778
0.899889  2.57233
1.45728  3.15496
2.60312  1.92749
2.5  1.79687
0.101915  1.45364
2.79854  1.62334
1.33333  0.444444
2.17033  2.48245
0.222222  0.666667
0.154939  0.956172
0.75  0.5
0  0.666667
0  0.666667
0  0.666667
1.09505  0.34245
0.504593  0.935407
0.504593  0.935407
0.956172  0.154939
0.666667  0.888889
2.45845  1.74563
5.20021  2.26854
2.44979  1.72209
0.734128  3.70337
1.77778  1.33333
3.51339  0.0421667
6.23804  3.63696
1.69012  0.0876553
4.87988  2.1479
2.83042  1.34145
0.888889  0.666667
0.191891  3.74561
1  0.333333
0.154939  0.956172
2.36664  1.75681
0.956172  0.154939
0.845061  0.0438276
1.25  0.125
1.37008  1.97686
1.22068  3.22376
3.17314  1.62374
2.26948  1.56725
1.33333  0.444444
1.13856  0.548938
2.04902  1.58364
2.52424  1.02678
1.62285  6.17402
2.78387  0.81613
1.35494  3.01241
2.83333  1.61111
1.33333  0.444444
2.46627  1.34373
1.83129  2.334
1.33333  0.444444
1.9171  2.24617
1.16094  2.7835
1.77778  2.58333
1.56803  2.79309
2.58088  1.33749
5.52203  4.13797
2.64133  1.43867
6.02469  1.55556
0.75  0.625
0.154939  0.956172
6.40359  3.05641
1.99402  0.45042
1.84476  2.32711
1.30143  2.69857
0.526983  2.35302
1.81101  2.67878
2.36447  1.44109
3.1302  0.119801
5.52883  4.05451
0.309877  1.91234
5.86054  2.49884
3.30863  2.05074
1.94031  2.98157
1.58333  1.88889
0.154939  0.956172
2.09549  2.65451
3.72315  0.676845
1.55556  1.83333
0.988155  3.34518
1  0.6
0.845061  0.0438276
0.956172  0.154939
2.52251  2.0886
2.66703  0.212971
2.57143  1.06122
1.33333  0.444444
2.24853  0.551472
1.30902  0.190983
1.69829  0.239211
2.25976  1.84962
2.67878  1.81101
2.64658  3.23098
3.39043  1.38735
5.44765  4.4829
0.666667  0.888889
1.83905  2.8523
1.23062  2.32494
3.97163  4.40899
1.33333  0.444444
1.83225  2.20856
1.52817  3.47183
3.51339  0.0421667
1.31101  2.57788
1.50983  2.61262
0.75  0.625
0.524775  2.19522
1.15805  2.77945
0.845061  0.0438276
1  0.6
2.88399  1.27601
0.938475  2.32683
1.13503  6.14274
1.50557  3.29443
1.33333  0.444444
2.05427  5.7426
2.99234  6.65766
0.501112  2.29889
0.888889  0.666667
0.34245  1.09505
0.86075  0.32675
0.956172  0.154939
2.2  3.02
2.76556  1.26222
1.41727  2.46028
2.60994  0.990062
1.33333  0.444444
2.37605  1.06395
3.12597  1.10841
2.3808  1.66859
0.154939  0.956172
1.99445  1.47494
2.82728  1.29517
1.33333  0.444444
1.33333  0.444444
2.67703  0.522967
1.63856  1.04894
1.29717  3.42283
3.32757  1.72799
2.05917  1.65511
2.75  1.96875
2.7208  1.64032
3.14483  4.50517
1.25  1.5
2.76273  4.51727
1.69829  0.239211
3  1
2.24252  0.701921
2.68622  1.39378
0.0438276  0.845061
1.17942  3.24245
2.24231  5.17769
2.74103  4.05585
1.13093  2.98018
0.666667  0.888889
1.86966  2.67355
2.39428  1.23838
3.00278  0.117225
0.417614  2.86016
0.101164  1.81884
2.16327  3.53117
1.24105  2.75895
0.696448  3.77577
3.90443  1.22057
2.9386  2.04578
1.33741  3.03759
2  2.12245
0.956172  0.154939
1  0.25
0.845061  0.0438276
0.845061  0.0438276
1.33333  0.444444
0.804304  3.72631
0.154939  0.956172
1  0.333333
2.31225  0.576639
0.956172  0.154939
1.16754  2.43246
1.33333  0.444444
0.101915  1.45364
1  0.333333
3.21862  1.02628
3.29443  1.50557
4.23454  0.725463
4.54315  0.0968491
3.05556  1.16667
5.56538  4.20805
3.25554  0.431955
2.35777  1.64223
2.12245  2.57143
2.57271  1.42729
1.93989  9.39345
2.55902  1.44098
2.34959  0.837913
0.446983  2.27302
0.375379  2.02462
0.888889  0.666667
1.95269  2.98608
1.23362  2.20388
0.548938  1.13856
4.49691  3.23747
1.26138  2.87751
1  1
1  1
0.86075  0.32675
0.44759  1.07241
1.43905  0.316048
1  0.25
1.33333  0.444444
1  1
1.55102  2.57143
3.17457  1.40877
1.33333  0.444444
0.956172  0.154939
6.68522  3.41355
3.09042  1.25526
0.0438276  0.845061
2.74193  1.20868
4.44645  5.21327
2.43612  1.70277
1.13856  0.548938
2.6438  0.956199
5.18426  3.98241
1.33333  0.444444
2.58333  2.55556
3.4226  1.47536
1.20861  3.26361
2.96333  1.03667
0.848612  2.65139
2.36  1
0.830004  3.61444
5.22278  2.75253
1.41952  3.68252
3.56898  1.48657
2.17611  7.22389
3.38784  1.54966
0.101915  1.45364
1.22923  2.94265
0.666667  0.888889
2.08664  0.153356
1.33333  0.444444
3.26094  2.53593
0.375  2
0  0.666667
0.0438276  0.845061
0.25  1
0.75  0.625
0.96  0.8
0.75  0.625
0.154939  0.956172
0.893893  3.35611
0.154939  0.956172
0.0438276  0.845061
0.720696  0.216804
0.425589  0.935522
0.504593  0.935407
0.96  0.8
1.33333  0.444444
1.66667  0.555556
2.56619  0.23381
2.42681  1.43256
1  0.6
0.75  0.625
2.5  1.94444
2.34339  3.10661
2.66358  1.25829
0.101915  1.45364
0.0438276  0.845061
0.758178  3.29738
1.86998  0.317516
3.11842  0.576028
2.27398  0.686023
2.16667  1.16667
1.45788  2.78212
2.13065  1.66527
2.75  0.625
5  0
1.16  2.2
2.71353  1.03647
4.22531  0.219138
1.45364  0.101915
1.28338  2.65412
2.66667  1.33333
0.154939  0.956172
1  0.333333
3.12239  2.0165
2.78141  1.26797
1.68047  2.93111
0.595946  2.3728
0.14736  2.32486
0.154939  0.956172
0.154939  0.956172
0.75  0.625
1  0.6
0.32675  0.86075
0.25  1
0.0438276  0.845061
0.0438276  0.845061
0.25  1
0.222222  0.666667
0.25  1
0.0438276  0.845061
0.0438276  0.845061
0.25  1
0.222222  0.666667
0.154939  0.956172
0.6875  2.5
0.154939  0.956172
0.0438276  0.845061
1.09761  0.262388
0.425589  0.935522
0.216804  0.720696
0.25  1
0.222222  0.666667
0.154939  0.956172
1.47795  2.54983
4.25837  6.4083
2.77963  1.10926
3.02987  1.76025
2.36077  1.83923
1.88944  1.71056
0.0438276  0.845061
0.154939  0.956172
0.239334  2.64067
1.08504  2.10246
2.30432  1.05679
2.33333  2.80556
1.77547  3.11342
3.39089  1.26217
0.154939  0.956172
1  0.333333
3.03985  0.647646
2.25  2.25
2.52388  6.98632
3.0415  4.26463
0.821605  1.62284
1.06537  3.81463
2.28147  1.44076
2.33971  0.940286
2.13457  6.41231
3.2736  0.601403
0.413876  2.70612
0.219138  4.22531
0.309877  1.91234
1.75975  2.46248
2.71478  1.75435
2.42259  1.95741
1.45364  0.101915
0.956172  0.154939
0.888889  0.666667
0.125  0.75
0.504593  0.935407
1.30902  0.190983
0.0438276  0.845061
0.25  1
0.0438276  0.845061
0.520553  2.68945
0.44759  1.07241
0.86075  0.32675
1.09505  0.34245
1  0.6
1.25  0.125
0.416465  3.386
0.44759  1.07241
0.86075  0.32675
2.80099  1.97452
3.09402  1.23251
2.97357  1.24866
3.23693  1.12418
0.632415  2.32758
0.949515  2.23799
1.72515  3.32173
1.42729  2.57271
0.222557  2.52744
0.0167936  2.20543
0.646447  1.35355
0.579664  2.47589
2.26771  1.20451
1.19773  2.84309
1.50766  2.16581
3.64491  5.51509
3.13887  2.41215
0.956172  0.154939
4.78207  2.80126
1.56475  0.213026
3.4  0.92
1.73161  2.3795
0.6535  1.7215
0.131483  2.53518
1.13856  0.548938
1.45364  0.101915
1.48188  2.61688
0.689443  0.510557
0.833333  0.777778
1  0.6
0.262388  1.09761
0.216804  0.720696
0.154939  0.956172
0.676317  2.87056
0.154939  0.956172
0.14736  2.32486
0.46556  2.00358
0.25  1
0.0438276  0.845061
1.07241  0.44759
1.13856  0.548938
1.83865  2.73135
2.55716  1.83953
1.25  0.125
0.32675  0.86075
0.154939  0.956172
0.154939  0.956172
0.222222  0.666667
0.154939  0.956172
0.466408  3.12543
0.154939  0.956172
0.14736  2.32486
1.30902  0.190983
1.45364  0.101915
2.46434  2.27566
2.19328  2.52547
1.25251  2.33933
2.85483  1.59415
1.76096  1.96127
2.24559  1.36378
2.91667  1.44444
2.95494  0.739502
2.99731  1.54957
0.870048  2.96995
4.32057  5.81166
0.420074  2.45493
2.85714  2.32653
1.62284  0.821605
2.25  0.25
3.17988  1.51012
4.93906  2.43594
6.18027  2.63606
5.0956  3.07724
4.13646  5.51786
1  0.333333
3.25374  0.774038
5.0144  2.82935
1.72515  3.32173
2.35779  1.19776
0.0438276  0.845061
0.154939  0.956172
0.154939  0.956172
0.0438276  0.845061
0.86075  0.32675
0.44759  1.07241
0.0438276  0.845061
0.689443  0.510557
0.833333  0.777778
1.25  0.125
0.262388  1.09761
0.216804  0.720696
0.25  1
0.0438276  0.845061
1.07241  0.44759
0.8  0.56
0.44759  1.07241
0.222222  0.666667
0.548938  1.13856
2.51446  1.95467
2.125  1.84375
0.96  0.8
0  0.666667
1.30902  0.190983
0.0438276  0.845061
0.25  1
0.510557  0.689443
0.720696  0.216804
2.58767  2.12838
0.666667  0.888889
0.775976  3.46402
1.10247  2.89753
0.154939  0.956172
0.222222  0.666667
0.190983  1.30902
1  0.333333
1.10006  3.09747
0.923919  3.31046
1.74213  2.74225
1.33333  0.444444
2.76749  0.905979
0.845061  0.0438276
1.33333  0
2.17889  1.82111
3.20067  1.983
3.28118  1.91882
2.72451  4.74771
1  1.4
0.666667  0.888889
2.2427  1.67566
2.35241  1.72759
2.70404  1.21596
0  0.666667
1.25  0.125
1.25  0.125
0.0438276  0.845061
0.25  1
0.0438276  0.845061
0.0438276  0.845061
0.25  1
0.216804  0.720696
0.216804  0.720696
0.154939  0.956172
0.511528  2.71296
0.154939  0.956172
0.0438276  0.845061
2.54936  0.561748
0.190983  1.30902
0.222222  0.666667
0.25  1
0.0438276  0.845061
1.33333  0.444444
3.21292  1.45895
1.87  2.17938
2.36364  2.8595
0.666667  0.222222
0.44759  1.07241
0.216804  0.720696
0.262388  1.09761
1  0.6
0.833333  0.777778
1.09761  0.262388
0.555556  3.25
0.888889  0.666667
0.75  0.5
2.72  2
1.73245  2.29224
0.548938  1.13856
2.56912  1.30843
2.05033  0.137173
2.50635  0.293655
2.56984  0.736283
1.13856  0.548938
5.80273  3.21502
0.683609  1.69139
1  0.333333
1.45364  0.101915
2.85128  0.898719
2.66602  4.79077
0.101915  1.45364
0.222222  0.666667
0.325415  3.84125
0.0229183  2.72708
2.27712  1.09788
2  2.6875
2.93681  4.36006
0.653709  3.34629
1.42212  2.68899
2.56744  1.84072
1.99188  1.64077
1.58364  2.04902
0.76351  2.29205
0.691857  3.97481
2.4007  0.821518
1.69749  3.46918
2.69776  5.451
2.17949  4.15051
1.125  2.75
0.333333  0.111111
0.125  0.75
1.25  0.125
0.32675  0.86075
0.25  1
0.0438276  0.845061
1.07241  0.44759
1.33333  0.444444
1.80221  2.39532
2.20408  2.28571
2.86339  0.831053
2.41652  0.463476
0.956172  0.154939
0.916667  0.555556
1  0.28
1.63419  2.66442
0.0438276  0.845061
0.154939  0.956172
1.72209  2.44979
2.41154  1.91499
3.2387  1.0813
1.64284  2.76716
0.956172  0.154939
0.956172  0.154939
1  0.333333
0.154939  0.956172
1.75018  2.22513
2.01827  2.79806
1  0.333333
2.45647  0.90464
0.219138  4.22531
1.83819  1.54957
3.89933  0.900667
4.96798  5.81202
2.70711  1.29289
3.3981  4.4519
2.6083  0.671703
2.51727  0.762732
0  0.666667
0.653649  2.53385
0.653649  2.53385
0.297215  3.89029
1.33333  0.444444
1.33333  0.444444
1.75299  2.52479
2.69896  1.38267
0  0.666667
0  0.666667
1.09761  0.262388
0.510557  0.689443
0.154939  0.956172
0.154939  0.956172
0.0438276  0.845061
0.845061  0.0438276
0.56  0.8
0.32675  0.86075
2.69568  2.06821
0.154939  0.956172
1  0.333333
1.10144  2.61731
0.666667  0.222222
0.5  0.75
1.82161  2.62284
3.52687  1.08538
0.956172  0.154939
0.548938  1.13856
0.75  0.625
0.154939  0.956172
0.75  0.625
1.88889  1.58333
0.887276  3.27599
0.678467  2.42357
0.648193  2.89868
1.33333  0.444444
3.46326  1.54908
1.64  3
1.73438  2
3.27254  0.477458
0.602161  2.33534
2.66904  1.20596
1.9401  0.4349
2.64067  0.239334
3.41246  2.38441
3.24903  1.93464
3.34956  1.91575
2.69857  1.30143
2.5  2.21875
0.666667  0.888889
0.666667  0.888889
2.24691  2.22222
2.52028  1.72972
2.96499  1.15847
3.46249  0.78442
0.154939  0.956172
1.29487  2.90266
0.154939  0.956172
0.222222  0.666667
0.25  1
0.222222  0.666667
0.25  1
0.0438276  0.845061
0.956172  0.154939
0.75  0.5
1.17157  2.86925
1.54766  3.11901
1.98657  2.40849
0.956172  0.154939
0.888889  0.666667
0.75  0.5
1.5797  2.69191
2.63265  1.28571
3.37526  2.1556
3.70025  1.23725
4.20816  0.526535
0.940144  3.15361
0.763966  3.26073
0.86075  0.32675
0.34245  1.09505
2.11488  1.93199
4.65958  5.97237
0.256551  2.46345
0.0438276  0.845061
3.56944  2.10403
1.6232  2.86659
0.154939  0.956172
1.46939  2.85714
0.943288  3.61227
4.09401  0.34349
3.25  1.88889
1.1921  3.16901
1.30944  2.49611
2.57167  1.78944
5.199  4.5696
1.17299  2.26451
1.80556  2
2.33934  1.41577
1.44921  3.35079
1  0.333333
0.25  1
0.75  0.625
1.09505  0.34245
1.30902  0.190983
0.0438276  0.845061
0.25  1
0.219304  2.39294
2.38523  0.774767
0.956172  0.154939
1.12903  2.83015
2.69804  1.68196
2.44162  2.7181
0.548938  1.13856
1.71579  2.3089
2.38272  1.66667
0.222222  0.666667
0.154939  0.956172
2.1358  2.55556
1.45364  0.101915
0.911875  2.3659
1.97372  0.942945
0.666667  0.222222
0.8  0.96
2.44666  1.82495
0.830917  3.41398
5.31409  3.9498
2.54815  1.20185
1.25  0.125
0.32675  0.86075
0.154939  0.956172
0.956172  0.154939
1.33333  0.444444
1.14277  3.01723
2  0.5
0.350887  3.16911
2.75  1.625
0.340239  2.84726
4.79754  1.87433
1.33333  0.444444
3.15322  1.17331
3.61265  1.60957
1.84536  3.03464
4.76549  2.32093
1.62241  2.29426
1.18866  3.06134
1.39174  2.36826
3.32599  0.914015
3.51208  1.50833
1.86809  1.65258
1.07241  0.44759
0.8  0.56
0.44759  1.07241
0.222222  0.666667
0.25  1
0.219304  2.39294
0.0438276  0.845061
0.190983  1.30902
0.0438276  0.845061
1.30902  0.190983
0.956172  0.154939
1  0.333333
2.11726  2.77531
3.375  1.71875
2.1001  2.96112
1.62617  2.21057
1.13856  0.548938
0.96  0.8
3.08611  1.03634
0.666667  0
0.666667  0.222222
1.23586  2.39679
1.13856  0.548938
1.33333  0.444444
0.222557  2.52744
0.0438276  0.845061
3.48228  0.677716
1.09505  0.34245
1.80717  2.91158
0.101915  1.45364
1  0.333333
1.92749  2.60312
3.56207  1.70324
2.7207  2.2168
1.86917  3.06961
0.101915  1.45364
0.446486  3.15351
0.683609  1.69139
0.426053  3.1295
2.37162  0.0658833
1.33333  0.444444
1  1
2.641  1.039
2.20388  1.23362
1.75299  2.52479
0.689443  0.510557
0.693878  0.857143
0.555556  0.666667
0.555556  0.916667
1.25  0.125
0.0438276  0.845061
0.25  1
0.0438276  0.845061
0.0438276  0.845061
0.154939  0.956172
0.154939  0.956172
0.32675  0.86075
1.25  0.125
1  0.333333
0.154939  0.956172
0.154939  0.956172
1.09761  0.262388
0.845061  0.0438276
0.75  0.625
1.89736  1.14264
1.68651  2.67287
0.154939  0.956172
1  0.333333
0.34245  1.09505
0.5  0.5
0.34245  1.09505
1.78761  2.33585
2.62042  0.726522
2.20798  3.20202
1.54688  2.25
0.190983  1.30902
1.76101  0.488986
2.10289  1.1216
1.50315  2.96907
1.44092  2.29345
0.888889  0.666667
1.55556  2.58333
3.09346  1.71209
2.53934  1.79399
0.0438276  0.845061
0.154939  0.956172
0.666667  0.888889
2.6  0.6
1.07247  4.06642
2.76032  1.36313
1.33333  0.444444
1.33333  0.444444
1.16982  2.63574
3.00163  2.15886
2.53711  3.44726
4.33725  5.77212
6.93785  4.10903
2.83666  0.0522262
2.86852  0.464816
0.888889  0.666667
0.674016  2.95864
0.4155  2.4645
4.56977  0.630228
3.68875  4.41125
3.606  1.21032
3.33892  1.47741
0.957357  2.73709
2.16667  1.16667
0.34245  1.09505
0.72  0.4
0.425589  0.935522
0.425589  0.935522
0.916667  0.555556
0.0438276  0.845061
0.25  1
0.222222  0.666667
0.25  1
0.222222  0.666667
0.154939  0.956172
0.827491  2.98251
0.5  0.75
0.86075  0.32675
1.25  0.125
0.262388  1.09761
0.216804  0.720696
0.25  1
0.222222  0.666667
0.25  1
0.0438276  0.845061
0.0438276  0.845061
0.154939  0.956172
0.731151  2.61579
0.770861  2.20873
0.154939  0.956172
0.0438276  0.845061
0.0438276  0.845061
0.25  1
0.216804  0.720696
0.216804  0.720696
0.25  1
0.216804  0.720696
0.216804  0.720696
0.154939  0.956172
0.154939  0.956172
0.75  0.625
0  0.666667
3.44501  1.44499
0.666667  0.888889
1  0.25
1  0.25
1.92839  2.92161
3.13242  0.908397
2.39833  1.56085
2.011  3.68344
2.63442  1.69211
0  0.666667
1.33333  0.444444
0.956172  0.154939
1.2  2.24
2.65139  0.848612
2.98289  1.46609
1.37939  3.34061
2.97271  1.82729
2.73411  1.29367
0.956172  0.154939
0.888889  0.666667
1.80702  2.84604
3.05098  1.62089
1  0.333333
0.101915  1.45364
1.59935  3.31731
0.776689  3.6122
1.63197  2.24558
1.08899  3.68652
3.44972  1.10583
1.01438  3.17312
1.33333  0.444444
1.33049  2.58787
4  1.22222
1.33333  0.444444
1.09505  0.34245
0.75  0.625
0.154939  0.956172
0.546254  3.94757
0.154939  0.956172
0.222222  0.666667
0.154939  0.956172
0.84375  2.75
0.770098  2.69929
0.154939  0.956172
0.222222  0.666667
0.25  1
0.216804  0.720696
0.216804  0.720696
0.25  1
0.216804  0.720696
0.216804  0.720696
0.154939  0.956172
0.5  0.75
0.86075  0.32675
0  0.666667
1.07241  0.44759
1.13856  0.548938
0.689443  0.510557
1  0.28
1.09505  0.34245
0.75  0.625
0.25  1
0.0438276  0.845061
0.75  0.625
0.25  1
0.75  0.625
0.504593  0.935407
0.125  0.75
0.125  0.75
0.125  0.75
2.47476  1.82276
2.5653  2.12892
0.666667  0
0.666667  0.222222
0.845061  0.0438276
0.845061  0.0438276
2.66667  1.77778
3.02089  2.16278
0.956172  0.154939
3.06097  2.4234
3.37162  1.06588
2.80891  1.88553
3.33892  1.47741
1.384  3.28267
0.154939  0.956172
1  0.333333
1.09321  2.49013
0.868629  3.13137
1.84245  2.59505
1.45364  0.101915
2.2449  2
1.53545  2.21965
1  0.333333
3  1
0.719536  4.16935
4.56194  0.68806
1.95668  2.92332
1.47668  2.44332
1.91667  2.22222
1.62778  2.65794
0.666667  0.888889
1.59375  2.375
2.53207  1.3863
0.666667  0.888889
1.60657  2.51343
1.07241  0.44759
0.96  0.8
0.833333  0.777778
0.689443  0.510557
0.125  0.75
0.125  0.75
1.30902  0.190983
1.44168  1.94103
2.50512  2.30488
2.70644  1.30356
0.956172  0.154939
3.03554  1.24545
1.33333  0.444444
1.75957  2.69043
2.62129  1.37871
2.67329  1.55811
1  0.333333
2.10735  1.23959
2.37077  0.988601
0.888889  0.666667
1  0.25
1  0.25
0.154939  0.956172
0.0438276  0.845061
1.23991  3.31564
2.20577  1.95749
1.58149  2.78851
0.5  0.75
0.666667  0.222222
1.66573  3.39549
0.317516  1.86998
2.20601  1.46066
1.26531  2.28571
1.58548  3.23084
1.43058  2.96942
3.2  0.8
1.23801  3.56754
0.154939  0.956172
0.0438276  0.845061
0.868778  2.27011
0.522967  2.67703
3.1193  1.60293
3.04749  2.16238
4.32393  1.92096
1.37103  3.40448
3.09461  1.38977
1.71374  3.47376
1.32  3
1.51716  2.08284
5.07904  3.78516
0.537305  1.3377
0.45635  2.10365
1.45364  0.101915
1.21003  2.23442
0.331762  2.54324
3.2736  0.601403
1  2.91837
0.666667  0.888889
1.66925  2.16748
2.92687  1.10091
1.05581  2.985
2.1875  2.5
1.48473  2.31119
2.18434  1.64282
0.101915  1.45364
1.09505  0.34245
1.33333  0.444444
1.45364  0.101915
1  0.333333
1.44898  2.14286
0.548938  1.13856
1  0.333333
3.03786  2.07151
2.38556  1.81852
2.37605  1.06395
1.1348  1.89298
1.375  2
5.8817  3.26497
2.27669  0.862201
1  0.25
0.784469  3.37553
1.13856  0.548938
0.548938  1.13856
0.510557  0.689443
0.689443  0.510557
0.845061  0.0438276
1.25  0.125
1.70942  3.30292
0.0438276  0.845061
2.91274  0.559484
3.06044  1.16178
1.7327  3.48952
0.845061  0.0438276
0.32675  0.86075
0.101915  1.45364
0.956172  0.154939
1.89441  3.65661
1.82116  2.50537
2  2.16
2.35565  1.08879
0.888889  0.666667
1.33333  0.444444
0.548938  1.13856
2.34453  1.09297
2.2  1.16
2.53061  1.71429
1.84375  2.25
1.25  0.125
0.845061  0.0438276
3.33458  1.5873
1.67889  3.12111
1.58288  2.33549
1.19838  3.94051
2.88875  1.455
2.38163  0.658374
1.6993  3.07621
2.13887  1.41215
0.154939  0.956172
1.29596  2.78404
0.25  3.5
2.39244  2.83205
4.18631  0.69369
1.59375  2.75
1.05324  2.3912
0.791452  3.48633
5.68067  4.22167
1.74362  2.97513
0.154939  0.956172
0.222222  0.666667
0.154939  0.956172
2.99106  2.32894
2.32209  1.59978
2.13017  2.75871
3.90749  1.89806
2.70238  2.35935
1.56581  2.15294
1.64203  2.52124
0.981949  3.09968
1.7058  2.84976
2.44729  1.35827
2.53129  1.91769
4.82578  3.70676
1.69012  0.0876553
2.48082  0.866121
2.51624  2.09601
0.845061  0.0438276
0.75  0.625
0.689443  0.510557
0.555556  0.916667
0.845061  0.0438276
0.86075  0.32675
0.34245  1.09505
2.32343  1.3988
0.96  0.8
2.80626  1.20374
0.154939  0.956172
1  0.333333
3.16915  1.30307
0.75  0.625
0.154939  0.956172
1.64672  2.41328
0.888889  0.666667
1.13856  0.548938
2.71691  1.56087
1.64178  2.31741
1  0.25
5.75553  4.49447
3.12602  1.63941
2.12994  1.72944
2.4834  2.73535
1.55556  1.91667
1  0.333333
0.666667  0.888889
1.32767  3.16213
2.86881  1.92806
3.6011  1.3364
2.66667  1.77778
1.34618  3.55178
1.30644  3.05467
1.7688  0.918704
3.07891  1.21796
2.90721  1.05197
1.23801  3.56754
2.14286  1.93878
0.0621882  2.38226
3.08812  0.911882
2.76474  1.84751
1.33333  0.444444
3.088  2.22064
5.29253  4.28386
0  0.666667
1  0.333333
0.154939  0.956172
0.971792  3.21571
2.50059  1.25452
0.101915  1.45364
1.25806  2.68639
3.82805  0.546949
3.84502  0.971307
1.07241  0.44759
1.13856  0.548938
1.07241  0.44759
0.956172  0.154939
1.91667  1.77778
2.94233  0.752112
2.14286  1.93878
1.95324  1.48676
0.887477  2.01048
1.33333  0.444444
0.75  0.5
2.73462  1.73413
0.101915  1.45364
1.61111  2
0.845061  0.0438276
1  0.6
0.956172  0.154939
0.845061  0.0438276
0.32675  0.86075
0.154939  0.956172
1.09549  1.65451
0.946611  3.08117
0.666667  0.888889
3.1504  2.13355
0.666667  0
0.666667  0.222222
4.4361  0.00834902
2.886  1.64462
1.13856  0.548938
0.956172  0.154939
1.44959  3.24486
1.67827  2.28091
0.636672  2.56333
0.653709  3.34629
6.36696  3.06359
1.77778  2.5
1.30239  2.13761
1.30239  2.13761
1.63109  2.69545
1.05518  2.30482
1.03431  2.16569
0.939033  2.18097
1.02416  2.65584
0.0497976  3.1377
4.30789  3.36558
1.64203  2.52124
1.45499  2.32279
1.86522  1.71503
0.32675  0.86075
1.25  0.125
3.23965  0.565905
4.79486  0.260696
2.61418  1.75316
1.59508  3.22492
0.666667  0.888889
2.27712  1.09788
2.66667  3.47222
3.53666  5.87334
2.162  1.358
2.76207  1.59904
2.15407  2.90149
0.154939  0.956172
0.830048  2.92995
2.13659  2.47452
1.60651  2.28238
2.34406  1.25594
0.956172  0.154939
4.16667  0.944444
3.43738  5.21351
2.45563  1.09124
0.222222  0.666667
0.154939  0.956172
0.75  0.625
0.56  0.8
0.845061  0.0438276
0.956172  0.154939
2.24319  1.63336
0.4375  2
1.98516  1.37595
3.52  1.6
2.50123  1.90693
0.154939  0.956172
0.222222  0.666667
1.58107  3.0609
0.956172  0.154939
3.65661  1.89441
1.77659  2.48341
1.30902  0.190983
2.48341  1.59298
0.101915  1.45364
2.1238  2.6462
1.09505  0.34245
1.32471  3.48085
2.57947  1.82053
1.62122  2.21551
0.956172  0.154939
1.35502  2.64498
1.30944  2.49611
1.88889  2
0.759556  3.93432
0.666667  0
0.666667  0.222222
2.56663  1.96398
0.956199  2.6438
2.98289  1.46609
2.74156  1.21763
1.13513  2.47424
0.713881  1.64723
0.5  1.4375
0.602161  2.33534
1.03535  3.65215
1.09549  1.65451
2.90919  1.36859
0.576639  2.31225
0.555556  1.66667
2.38122  0.979889
2.25688  1.37577
0.101915  1.45364
1  0.333333
1.31909  3.08091
0.75  0.625
0.154939  0.956172
1.42212  2.68899
1.13856  0.548938
1.10803  2.11419
1.47948  2.85385
7.77354  2.27334
2.27389  1.08722
1.42056  2.60722
2.67415  0.765851
3.08981  0.937971
2.83327  0.936725
0.956172  0.154939
0.666667  0.222222
0.8  0.96
2.45026  1.38307
0.956172  0.154939
1.41347  3.62653
0.833333  0.777778
0.689443  0.510557
1.33333  0.444444
0.956172  0.154939
2.91627  1.32863
1.32767  3.16213
0.82843  3.29402
0.624492  1.7644
1.33333  0.444444
0.666667  0.888889
1.23762  2.51238
1.49031  2.30656
2.11797  2.49428
1.45364  0.101915
2.32209  1.59978
2.84083  2.35917
0.316004  3.924
1.22222  2.33333
2.83605  1.61293
2.88145  0.812989
3.47183  1.52817
1.33333  0.444444
4.1829  0.457099
0.666667  0.888889
1.17743  2.60035
0.666667  0.888889
0.101915  1.45364
2.53848  1.38339
0.273971  4.52603
2.67919  2.38204
3.99774  6.65226
3.66125  4.94986
2.64307  0.556928
0.305746  4.36092
4.04513  1.5382
1.45364  0.101915
3.4214  1.39492
3.68982  1.33058
0.75  0.5
1  0.25
0.956172  0.154939
3.85047  0.629534
2.47351  2.72649
2.12378  2.59844
2.52842  1.96138
0.569372  3.23618
0.154939  0.956172
0.0438276  0.845061
0.154939  0.956172
1.25  0.125
0.262388  1.09761
0.216804  0.720696
0.190983  1.30902
1  0.333333
2.76071  1.73312
1.9848  2.36088
0.101915  1.45364
2.57889  2.22111
3.68029  5.39663
1.33333  0.444444
5.25907  3.54093
1.33333  0.444444
0.888889  0.666667
1.64567  2.94808
1.33333  0.444444
4.60638  7.14671
1.13856  0.548938
3.1295  0.426053
0.647646  3.03985
2.7114  0.726101
2.83666  0.0522262
9.58091  5.87588
3.14531  1.2158
2.48202  1.21242
3.33763  1.60114
5.57152  4.70947
1.25806  2.68639
1.33333  0.444444
1.21485  2.89626
2.33333  0.777778
2.33333  1.44444
0.154939  0.956172
1.40816  3.57143
0.417047  2.44715
1.46267  3.39684
1.45364  0.101915
3  0.111111
1.92006  1.67178
0.222222  0.666667
0.190983  1.30902
0.0438276  0.845061
1.43905  0.316048
0.44759  1.07241
0.86075  0.32675
3.25  0.888889
1.80919  2.67081
1.5  0.5
1  0.28
0.916667  0.555556
1  0.6
1.25  0.125
0.956172  0.154939
0.956172  0.154939
3.92971  0.554669
1.30981  3.3013
1.6443  2.49459
1.62293  2.7036
1.16094  2.59417
1.08911  3.35534
2.17624  1.00744
4.4865  3.98573
2.50236  2.19151
1.59184  2
1.79878  2.3106
1.84108  2.39329
1.80826  0.831738
2.13278  0.117218
3.42751  0.492485
9.46391  2.16874
0.845061  0.0438276
0.845061  0.0438276
5.05823  2.31677
0.847174  2.84033
0.282931  3.27262
2.66726  1.17274
2.63469  2.08753
9.58817  5.21656
4.1106  0.326899
3.41863  5.35823
1.70936  3.40175
4.27168  4.78388
2.5094  2.08435
2.88118  1.51882
2.57271  1.42729
1.46609  2.98289
2.62409  1.93591
0.149029  2.72597
1.13646  2.48854
0.888889  0.666667
0.333333  0.111111
0.333333  0.111111
1.48376  2.71458
0.75  0.5
0.75  0.5
0.689443  0.510557
0.75  0.125
1.2336  3.75405
2.66946  1.7387
0.304866  3.38263
1.25  0.125
1.25  0.125
1.25  0.125
1.25  0.125
0.772293  2.85271
2.72995  0.630048
2.72319  0.716805
1.33333  0.444444
1.25  0.125
0.262388  1.09761
0.216804  0.720696
0.25  1
0.0438276  0.845061
0.956172  0.154939
1.25  0.125
0.845061  0.0438276
1.04778  3.07467
1.09505  0.34245
2.88889  1.66667
4.99593  3.15283
1.66667  0.555556
1.09332  3.34418
3.0684  1.0116
1.51873  3.16877
1.15324  0.686762
0.956172  0.154939
1.66442  3.21058
3.57941  1.22615
4.5151  0.359904
2.92193  0.438066
2.75777  2.04223
3.48321  7.97358
1.87561  2.81883
2.09443  0.305573
0.101915  1.45364
0.566124  3.43388
2.16825  2.44113
0.101915  1.45364
1.92759  2.55241
0.888889  0.666667
0.935522  0.425589
0.935522  0.425589
0.86075  0.32675
0.44759  1.07241
0.222222  0.666667
0.25  1
0.222222  0.666667
0.154939  0.956172
0.154939  0.956172
0.510557  0.689443
1.09761  0.262388
0  0.666667
1.398  2.64888
1.33333  0.444444
1.11111  1.33333
1.25  0.125
0.845061  0.0438276
0.86075  0.32675
0.8  0.96
2.92205  1.5467
0.919375  3.48062
2.1044  2.31536
1.09505  0.34245
1.25  0.125
1.25  0.125
2.01211  0.314423
0.44759  1.07241
0.86075  0.32675
1.34432  2.77813
0.222222  0.666667
0.101915  1.45364
3  2.6
2.25  0.25
2.38073  0.739269
2.17839  1.37716
3.63734  1.14043
3.92785  1.43326
2.83534  1.10216
2.79057  1.20943
3.05823  0.316768
5.77778  0
0.0874081  1.78759
1.09252  3.60192
1.25  1.125
2.57271  1.42729
1.03667  2.96333
1.22186  2.29814
0.956172  0.154939
3.09906  0.980944
1.33333  0.444444
3.97487  1.05291
3.25  2.22222
1.33333  0.444444
0.5  2.9375
2.17156  0.272888
2.08152  5.81971
1.13856  0.548938
3.33105  1.48527
3.58707  1.10737
3.87254  1.96419
1.7717  2.65018
1.30902  0.190983
0.125  0.75
0.504593  0.935407
0.75  0.625
0.190983  1.30902
0.216804  0.720696
0.216804  0.720696
0.25  1
0.0438276  0.845061
0.0438276  0.845061
0.25  1
0.222222  0.666667
0.190983  1.30902
1.88971  2.49046
1  1
2.89879  0.897127
4.14164  1.45836
1.30902  0.190983
1  0.25
1.09505  0.34245
2.19519  1.67981
1.75541  3.41459
1  0.6
0.32675  0.86075
0.154939  0.956172
0.222222  3
0.154939  0.956172
0.0438276  0.845061
1.30902  0.190983
1.01297  3.46703
0.852275  3.70773
1.52135  2.36754
2.25  1.44444
2.28  2.2
3.68526  5.37259
1.23174  2.20826
1.8377  1.0373
1.4  1.8
1.45364  0.101915
0.592969  1.84453
0.975379  2.62462
6.32151  3.92849
3.16  1.8
0.468425  3.46908
1.47726  2.686
2.32279  1.45499
4.5151  0.359904
2.59602  5.38835
1.28571  2.63265
2.15686  2.8308
2.77576  1.10179
2.20487  1.67269
0.666667  0.222222
0.44759  1.07241
0.222222  0.666667
0.25  1
0.0438276  0.845061
0.86075  0.32675
0.44759  1.07241
0.216804  0.720696
0.216804  0.720696
0.25  1
0.0438276  0.845061
1.30902  0.190983
1.45364  0.101915
1.33333  0.444444
0.845061  0.0438276
0.845061  0.0438276
1  0.333333
0.25  1
0.32675  0.86075
1.25  0.125
0.0438276  0.845061
0.154939  0.956172
1.25  0.125
1.25  0.125
0.845061  0.0438276
0.845061  0.0438276
1.01323  3.36177
3.67365  1.34676
2.47222  1.66667
0.888889  0.666667
1.33162  3.35588
1.33162  3.35588
3.32966  0.670338
2.63052  1.28948
2.73188  1.50812
3.4292  3.55517
3.95893  5.6329
4.22124  2.43182
3.97791  4.36209
1.77778  2.5
0.666667  0.888889
2.23938  3.12173
0.956172  0.154939
0.6875  1.5
1.0899  1.3476
1.05518  2.30482
0.989624  3.67704
1.13148  3.53518
4.12042  0.279583
1.44  2
3.52513  0.714867
1.80478  2.80633
6.96846  2.75154
2.99629  0.84371
0.666667  0.888889
2.26665  2.89038
0.548938  1.13856
0.0438276  0.845061
1.8436  3.14813
1.30902  0.190983
1.07241  0.44759
0.8  0.56
0.44759  1.07241
0.0438276  0.845061
0.416465  3.386
0.44759  1.07241
0.86075  0.32675
1.6773  2.93208
2.64823  1.96402
2.24721  1.35279
4.38795  5.28002
0.956172  0.154939
0.0438276  0.845061
0.44759  1.07241
0.8  0.56
0.75  0.625
0.154939  0.956172
0.967335  2.33879
0.731151  2.61579
0.154939  0.956172
0.0438276  0.845061
1.30902  0.190983
0.771358  2.70086
3.25014  1.97435
3.94285  0.650902
5.39092  4.84048
1.0358  2.5642
1.83419  2.49234
2.17818  0.960705
1.26682  2.36583
0.941801  3.86375
2.94061  0.979388
3.19672  1.16439
3.15103  0.72397
0.822396  3.6576
1.11877  3.63123
2.33333  0.777778
3.93575  11.5642
2.76556  1.26222
2.25  1.77778
1.03242  2.72758
3  2.6
2.71429  1.04082
0.154939  0.956172
0.75  0.625
1.33333  0.444444
0.916667  0.555556
0.28  1
1  0.6
0.845061  0.0438276
0.687651  2.45284
0.25  1
0.0438276  0.845061
0.86075  0.32675
0.34245  1.09505
0.956172  0.154939
0.0438276  0.845061
0.25  1
0.0438276  0.845061
0.845061  0.0438276
0.32675  0.86075
2.15461  2.04373
0.666667  0.888889
1.38725  2.20459
0.154939  0.956172
0.0438276  0.845061
1.80452  2.17985
3.47068  0.973766
1.81612  1.30388
1.32802  3.28423
0.279474  3.32053
2.68284  2.11716
2.95934  1.95424
2.79687  2.25
1.86743  1.61694
2.73763  2.43425
5.5011  1.8789
1.0367  5.28983
2.37068  0.566821
0.829093  4.10841
2.34959  0.837913
0  2.88889
1.85226  4.84162
3.66667  0.833333
2.76471  1.15716
0.154939  0.956172
1.27773  2.62309
1.05592  2.00581
2.02681  3.02007
1.75  1.85938
0.75  0.625
0.101915  1.45364
0.86075  0.32675
0.5  0.75
0.154939  0.956172
0.75  0.625
1  0.6
0.262388  1.09761
0.216804  0.720696
0.154939  0.956172
0.154939  0.956172
0.0438276  0.845061
1  0.25
1.33333  0.444444
3.84091  1.34276
0.34245  1.09505
0.666667  0.222222
1.07241  0.44759
1.37076  2.58843
1.15024  2.2942
1.48747  2.74691
0.86075  0.32675
0.34245  1.09505
3.08  0.6
2.04759  2.67241
0.664418  2.21058
1.11111  2.58333
3.20673  0.902642
0.0438276  0.845061
0.888889  0.666667
0.559477  2.30472
0.637477  2.3469
1.09505  0.34245
1.30902  0.190983
1.80248  2.4944
1.04695  4.32805
0.616739  1.57076
1  0.333333
1.29352  2.22648
10.568  6.67416
2.03464  0.845357
1.13856  0.548938
1.07241  0.44759
0.75  0.5
0.75  0.625
0.25  1
0.0438276  0.845061
1  0.28
0.916667  0.555556
1.30902  0.190983
0.0438276  0.845061
0.25  1
0.0438276  0.845061
0.845061  0.0438276
0.75  0.625
2.05  2.04
1.98056  1.04721
0.464816  2.86852
1.19689  2.63027
1  0.25
0.666667  0.222222
0.34245  1.09505
3.05409  1.88418
2.5552  1.85297
1.45364  0.101915
2.0766  1.39562
0.101915  1.45364
0.649029  3.22597
2.28827  1.10062
0.980944  3.09906
2.55385  1.0788
1.25  0.125
0.32675  0.86075
0.154939  0.956172
0.154939  0.956172
0.75  0.625
0.833333  0.777778
0.689443  0.510557
0.75  0.5
1.25  0.125
0.32675  0.86075
0.44759  1.07241
0.86075  0.32675
0.125  0.75
0.333333  0.111111
1.09505  0.34245
0.203831  2.90728
5.86743  3.55445
1.03491  2.3262
2.03339  2.2876
0  0.666667
0.86075  0.32675
0.44759  1.07241
0.222222  0.666667
0.25  1
0.222222  0.666667
0.154939  0.956172
0.736283  2.56984
0.754322  2.35679
0.770861  2.20873
0.154939  0.956172
0.0438276  0.845061
0.0438276  0.845061
0.154939  0.956172
0.154939  0.956172
0.216804  0.720696
0.216804  0.720696
0.154939  0.956172
0.154939  0.956172
0.479172  2.21471
1.30902  0.190983
2.96569  1.83431
0.75  0.625
0.845061  0.0438276
0.956172  0.154939
1.86446  2.54876
3.4077  1.0923
0.956172  0.154939
2.69038  0.829624
2.13605  0.823951
0.773908  3.17054
0.75  0.5
0.0438276  0.845061
0.25  1
0.216804  0.720696
0.216804  0.720696
0.154939  0.956172
0.154939  0.956172
0.222222  0.666667
0.25  1
0.0438276  0.845061
0.0438276  0.845061
0.25  1
0.510557  0.689443
1.09761  0.262388
1.25  0.125
0.56  0.8
1.25  0.125
0  0.666667
0  0.666667
1.25  0.125
0.32675  0.86075
0.25  1
0.0438276  0.845061
0.523039  1.50474
0.154939  0.956172
0.154939  0.956172
3.05291  0.84832
0.956172  0.154939
0.956172  0.154939
2.35856  2.0581
1.92863  3.36825
3.34112  4.58888
3.0154  1.10705
3.74402  0.655979
3.05355  0.75201
2.38226  0.0621882
0.956172  0.154939
0.0438276  0.845061
0.25  1
0.0438276  0.845061
0.0438276  0.845061
0.25  1
0.32675  0.86075
1.25  0.125
0.0913062  1.82536
1.48827  2.28951
0  0.666667
0  0.666667
0.0438276  0.845061
0.154939  0.956172
0.990791  2.69671
0.154939  0.956172
0.222222  0.666667
0.154939  0.956172
0.154939  0.956172
0.0438276  0.845061
1.30902  0.190983
0  0.666667
0  0.666667
0.956172  0.154939
0.845061  0.0438276
1  0.6
4.11303  4.82524
1.05784  3.08105
1.33333  0.444444
4.57473  3.4418
1.91234  0.309877
2.99602  1.53459
3.12071  0.879286
0.666667  0.222222
0.5  0.75
0.154939  0.956172
0.222222  0.666667
0.25  1
2.90559  1.87219
0.0438276  0.845061
0.154939  0.956172
0.5  0.75
0.86075  0.32675
0.0438276  0.845061
0.25  1
0.0438276  0.845061
0.0438276  0.845061
0.25  1
0.0438276  0.845061
1.09505  0.34245
1  0.6
0.32675  0.86075
0.25  1
0.222222  0.666667
0.25  1
0.0438276  0.845061
0.219304  2.39294
0.25  1
0.222222  0.666667
0.25  1
0.222222  0.666667
0.25  1
0.262388  1.09761
1.25  0.125
0.32675  0.86075
2.0276  1.55265
3.78679  4.5209
1  1
1.6443  2.49459
6.72068  3.52421
2.18508  0.0549178
1.8478  1.51331
3.08319  1.07681
0.956172  0.154939
0  0.666667
1.30902  0.190983
0.0438276  0.845061
0.154939  0.956172
0.154939  0.956172
0.0438276  0.845061
0.0438276  0.845061
0.154939  0.956172
0.119375  2.68062
0  2.5
0  2.5
0  2.5
0.119375  2.68062
0.154939  0.956172
0.0438276  0.845061
0.0438276  0.845061
0.25  1
0.222222  0.666667
0.25  1
0.0438276  0.845061
1.07241  0.44759
3.33333  0.944444
3.30309  1.10507
0.888889  0.666667
3.88861  5.50784
2.37927  1.9176
2.91683  0.756643
0.785743  3.01673
0.190983  1.30902
0.0438276  0.845061
0.845061  0.0438276
0.845061  0.0438276
2.98321  0.794571
1.64321  3.24568
2.64  0.4
1.33333  0.444444
1.25  0.125
0.32675  0.86075
0.25  1
0.4375  2.25
0.956172  0.154939
1.09508  2.26603
1.12  4
2.55305  1.32195
3.88184  8.36507
2.95377  0.296232
3.12111  1.67889
2.38278  0.367218
2.19284  0.751604
0.75  0.5
1.30902  0.190983
0.956172  0.154939
1.65169  2.98026
1.1146  1.865
1.5  2.4375
2.38226  0.0621882
0.272888  2.17156
2.90728  0.203831
1.69012  0.0876553
1.22761  2.69075
1.51703  2.73297
0.666667  0.222222
0.5  0.75
0.154939  0.956172
0.0438276  0.845061
1.44708  0.275138
0.44759  1.07241
0.86075  0.32675
0.125  0.75
0.504593  0.935407
3.38889  2
0.183609  1.19139
5.81694  3.79306
0.0167936  2.20543
0.182776  2.17833
0.0438276  0.845061
0.190983  1.30902
0.0438276  0.845061
0.0438276  0.845061
0.25  1
0.216804  0.720696
0.262388  1.09761
1.25  0.125
0  0.666667
0.956172  0.154939
0.230628  1.86312
6.30177  5.37724
6.49586  1.74904
1.25  0.125
1.25  0.125
0.0438276  0.845061
0.154939  0.956172
0.154939  0.956172
0.32675  0.86075
1.25  0.125
1  0.28
0.689443  0.510557
1  0.28
0.689443  0.510557
0.390121  2.89383
7.80413  2.5224
0.0438276  0.845061
0.190983  1.30902
0.0438276  0.845061
0.0438276  0.845061
0.154939  0.956172
0.154939  0.956172
0.216804  0.720696
0.216804  0.720696
0.25  1
0.216804  0.720696
0.216804  0.720696
0.44759  1.07241
0.86075  0.32675
0.64  2.85
0.436548  2.0079
0.394042  3.38374
0.0438276  0.845061
0.190983  1.30902
0.0438276  0.845061
0.0438276  0.845061
0.44759  1.07241
0.86075  0.32675
0.689443  0.510557
0.510557  0.689443
0.154939  0.956172
3.2688  2.4187
3.6852  4.11168
3.07867  0.553986
1.09761  0.262388
0.510557  0.689443
0.25  1
0.321787  2.10009
0.0438276  0.845061
0.25  1
0.510557  0.689443
0.916667  0.555556
0.75  0.625
0.154939  0.956172
1.1875  2.5
1  2.5
0.0621882  2.38226
0.666667  0
0.666667  0.222222
0.333333  0.111111
0.504593  0.935407
1.07241  0.44759
0.0438276  0.845061
0.154939  0.956172
0.154939  0.956172
0.222222  0.666667
0.154939  0.956172
0.770861  2.20873
0.731151  2.61579
0.154939  0.956172
0.222222  0.666667
0.25  1
0.0438276  0.845061
0.0438276  0.845061
0.44759  1.07241
0.8  0.56
1.33333  0.444444
2.79687  2.25
1.08504  2.10246
2.2  1.16
0.8  0.96
0.5  0.5
0.44759  1.07241
0.0438276  0.845061
0.0438276  0.845061
0.154939  0.956172
0.154939  0.956172
0.0438276  0.845061
1.09505  0.34245
0  0.666667
1.25  0.125
0.32675  0.86075
0.154939  0.956172
0.154939  0.956172
0.0438276  0.845061
1.25  0.125
1  0.6
1.09505  0.34245
1.09505  0.34245
2.898  2.19575
3.64685  1.79759
0.841053  2.35895
3.57179  5.32762
0.775489  3.47451
0.682914  1.64362
1.09505  0.34245
0.8  0.56
0.44759  1.07241
0.510557  0.689443
0.916667  0.555556
2.98502  1.66498
2.53086  1.66667
0  0.666667
1.25  0.125
0.845061  0.0438276
0.0438276  0.845061
0.25  1
0.222222  0.666667
0.44759  1.07241
0.5  0.5
0.34245  1.09505
0.888889  0.666667
3.01459  1.09652
5.62919  4.30959
0.154939  0.956172
0.0438276  0.845061
0.689443  0.510557
0.510557  0.689443
2.70763  1.04444
1.33333  0.444444
1  0.25
1.07241  0.44759
0.96  0.8
0.75  0.625
0.154939  0.956172
0.154939  0.956172
0.0438276  0.845061
4.15443  0.762239
0.956172  0.154939
5.47326  6.09699
2.65574  4.80105
1.5  0.5
3.51339  0.0421667
0.666667  0
0.666667  0.222222
0.321787  2.10009
0.25  1
0.222222  0.666667
0.44759  1.07241
0.8  0.56
0.96  0.8
0.8  0.56
0.34245  1.09505
0.84  2.2
2.83415  0.925851
2.78997  0.556973
2.71153  0.594588
2.45711  1.04289
1.94671  0.240791
1  0.25
0.0438276  0.845061
0.25  1
0.222222  0.666667
0.44759  1.07241
0.8  0.56
1.09505  0.34245
0.125  0.75
0.216804  0.720696
0.25  1
1  0.333333
0.888889  0.666667
0.695104  2.7424
2.50596  1.49404
3.35352  0.547711
0.190983  1.30902
2.39294  0.219304
0.0438276  0.845061
0.25  1
0.222222  0.666667
0.25  1
0.510557  0.689443
0.916667  0.555556
1.07241  0.44759
1.45364  0.101915
2.40802  1.40198
3.48223  0.861516
2.77902  0.595984
6.90696  4.08477
3.01743  0.343682
1.18156  2.57153
1.30902  0.190983
0.0438276  0.845061
0.25  1
0.222222  0.666667
0.154939  0.956172
0.5  0.75
0.86075  0.32675
3.91384  5.49112
4.62881  5.04231
1  0.6
0.845061  0.0438276
0.0438276  0.845061
0.154939  0.956172
0.838216  2.25553
0.799498  2.42499
0.154939  0.956172
0.0438276  0.845061
0  0.666667
1.66451  2.41712
1.25  0.125
1.25  0.125
0.0438276  0.845061
0.25  1
0.222222  0.666667
0.154939  0.956172
0.358778  3.47796
0.154939  0.956172
1.2416  2.18027
1.33333  0.444444
0.666667  0.888889
0.154939  0.956172
0.0438276  0.845061
1.25  0.125
1.25  0.125
1.30902  0.190983
1.09505  0.34245
0.96  0.8
0.8  0.56
0.44759  1.07241
0.0438276  0.845061
0.219304  2.39294
0.25  1
0.222222  0.666667
0.25  1
0.222222  0.666667
0.154939  0.956172
0.154939  0.956172
0.0438276  0.845061
