0.994317
0.973778
0.999181
0.952933
0.919757
0.99705
0.959605
0.828918
0.981533
0.998384
0.942399
0.987847
0.986168
0.796398
0.966186
0.968631
0.990074
0.957717
0.999586
0.928442
0.631948
0.827752
0.984013
0.969768
0.821685
0.769891
0.987924
0.959326
0.999883
0.976615
0.89149
0.999786
0.892512
0.98483
0.669489
0.970922
0.908233
0.651105
0.510992
0.0421523
0.754375
0.989101
0.974823
0.671033
0.988401
0.763315
0.810082
0.964953
0.999992
0.86348
0.501334
0.259742
0.120995
0.192636
0.977772
0.152991
0.691939
0.990778
0.835129
0.0641763
0.363186
0.0351971
0.494761
0.857748
0.999195
0.973837
0.883178
0.826639
0.31986
0.326814
0.922982
0.110429
0.81714
0.959748
0.273597
0.945322
0.654515
0.445023
0.0589283
0.0758196
0.189857
0.967263
0.914198
0.819342
0.533592
0.950168
0.713973
0.137203
0.355105
0.276959
0.873494
0.996975
0.983272
0.939339
0.42214
0.472992
0.0920308
0.251443
0.202669
0.366347
0.237886
0.687111
0.205392
0.2773
0.57549
0.872635
0.625299
0.183089
0.582995
0.930104
0.0927186
0.411291
0.972665
0.952606
0.87038
0.703631
0.958043
0.00936233
0.276686
0.940825
0.205167
0.988898
0.74036
0.213935
0.391366
0.726503
0.640941
0.195837
0.671653
0.266638
0.221176
0.652929
0.778474
0.712913
0.360888
0.899823
0.508667
0.333919
0.62004
0.384452
0.572356
0.999116
0.653811
0.453082
0.475211
0.27654
0.727261
0.733694
0.421955
0.615041
0.277779
0.183425
0.53497
0.476009
0.131013
0.288103
0.51837
0.961078
0.377647
0.0537093
0.805799
0.845802
0.466053
0.445436
0.0325169
0.313605
0.568535
0.951156
0.678465
0.836412
0.998553
0.287743
0.125276
0.169812
0.644687
0.0568286
0.366868
0.914894
0.139161
0.608096
0.618706
0.163441
0.33065
0.370024
0.119039
0.642901
0.479681
0.585164
0.994479
0.398793
0.877772
0.965343
0.540469
0.173445
0.207939
0.477044
0.233133
0.742164
0.812362
0.41084
0.571299
0.68932
0.81897
0.999511
0.571102
0.166279
0.211174
0.737604
0.323685
0.469826
0.995062
0.449242
0.467117
0.371655
0.279444
0.24383
0.295613
0.165398
0.810167
0.803639
0.219125
0.454019
0.584727
0.980761
0.94184
0.461836
0.247829
0.278919
0.686249
0.664947
0.401377
0.991923
0.171666
0.0175288
0.230855
0.0946833
0.326778
0.986039
0.313982
0.995489
0.849249
0.704014
0.397094
0.35525
0.606782
0.870663
0.753009
0.980103
0.505094
0.0195818
0.86677
0.440994
0.218229
0.863172
0.0715836
0.304814
0.262946
0.320563
0.366571
0.927342
0.208662
0.827769
0.910763
0.133752
0.691418
0.217848
0.734397
0.945379
0.305894
0.399661
0.972878
0.228984
0.604961
0.682273
0.0956836
0.711339
0.349798
0.716719
0.99803
0.751875
0.357512
0.118874
0.130875
0.81613
0.114906
0.201428
0.311728
0.037673
0.976782
0.396373
0.856929
0.870119
0.388782
0.131299
0.14193
0.944749
0.217515
0.292243
0.872418
0.389055
0.00112371
0.500663
0.374229
0.228315
0.545681
0.948725
0.366982
0.0760015
0.334524
0.99225
0.385813
0.60114
0.992993
0.531589
2.11962e-16
0.464407
0.565434
0.201582
0.319535
0.740385
0.475355
0.335218
0.764498
0.896992
0.238817
0.810376
0.944665
0.553157
2.11962e-16
1.62617e-16
0.402254
0.125276
0.372398
0.933132
0.113334
0.366834
0.544775
0.67609
0.00696304
0.0278591
0.619448
0.653297
0.431794
2.11962e-16
1.62617e-16
3.25233e-16
1.05981e-16
0.636494
0.548329
0.212788
0.332475
0.726688
0.0751598
0.561144
0.453155
0.0270333
0.625702
0.494068
0.133928
2.11962e-16
1.62617e-16
3.25233e-16
1.05981e-16
0.256528
0.612952
0.148189
0.101613
0.100702
0.401077
0.837645
0.989266
0.687215
0.523031
0.314862
0.715972
0.207292
0.417554
0.618254
0.240521
0.0452516
2.11962e-16
1.62617e-16
3.25233e-16
1.05981e-16
0.214301
0.438329
0.227346
0.341049
0.463946
0.726454
0.749668
0.874806
0.906359
0.836891
0.633774
0.506666
0.851883
0.428499
2.11962e-16
1.62617e-16
3.25233e-16
1.05981e-16
0.0414768
0.261358
0.260223
0.214867
0.440044
0.531757
0.194453
0.516082
0.98389
0.780829
0.141732
1.62617e-16
3.25233e-16
1.05981e-16
0.409575
0.875273
0.23782
0.81422
0.966873
0.996786
0.933069
0.713176
0.943881
0.189486
0.366178
0.423736
3.25233e-16
1.05981e-16
0.636517
0.721974
0.731965
0.962814
0.981673
0.86049
0.343624
0.889536
0.906688
0.681587
0.978746
0.303662
1.05981e-16
0.295515
0.989232
0.473841
0.4926
0.942212
0.906442
0.684578
0.159817
0.570407
0.875304
0.776327
0.13385
0.592154
0.994628
0.693417
0.332495
0.101046
0.681452
0.764149
0.186228
0.0589417
0.431624
0.303041
0.453457
0.588093
0.791922
0.691383
0.939033
0.605567
0.412699
0.309097
0.85216
0.467004
0.618013
0.999394
0.99382
0.0682168
0.791089
0.480071
0.0847444
0.17122
0.806767
0.552233
0.160208
0.707107
0.990529
0.987327
0.996835
0.945714
0.329159
0.818072
0.553133
0.412896
0.609962
0.0744084
0.202858
0.75459
0.981963
0.966808
0.999428
0.937667
0.522288
0.6095
0.260354
0.669297
0.567462
0.00999367
0.716287
0.936338
0.912399
0.998906
0.917773
0.163701
0.386042
0.803113
0.762675
0.260818
0.577542
0.744785
0.683161
0.971172
0.849974
0.267866
0.662843
0.889409
0.31719
0.997923
0.800848
0.604221
0.590556
0.740043
0.507745
0.213436
0.468238
0.988657
0.125936
0.91854
0.956857
0.719364
0.592996
0.466467
0
0.672407
0.933486
0.398
0.331007
0.81867
0.817196
0.705239
0.330688
0.616506
0.353763
0.330775
0.368099
0.202515
0.471114
0.990087
0.879983
0.633252
0.5104
0.444764
0.69386
0.45411
0.463067
0.982267
0.721022
0.999992
0.319026
0.420873
0.66888
0.656034
0.802045
0.909591
0.949716
0.929929
0.635341
0.201428
0.272825
0.545599
0.483741
0.375019
0.210458
0.413716
0.823408
0.985413
0.998585
0.722375
0.0297013
0.0792209
0.793187
0.718183
0.257605
0.474459
1
0.804711
0.331436
0.380448
0.390791
0.291674
0.221678
0.159662
0.445632
0.40785
0.311728
0.392693
0.571066
0.564075
0.497375
0.688715
0.649197
0.61672
0.599462
0.513009
0.28362
0.685845
0.736991
0.191781
0.720633
0.228878
0.276062
1
0.474459
0.257827
0.189559
0.567694
0.750312
0.537101
0.2144
0.49882
1
0.276062
0.44563
0.759412
0.194974
0.419585
0.923514
0
0.155743
1
0.49882
0.228878
0.0332736
0.99176
0.405496
0.781277
0.86603
0
8.92098e-17
0.155743
0.2144
0.594358
0.332202
0.369328
0.630915
0.536582
0
8.92098e-17
8.92098e-17
0
0.649174
0.120584
0.0865234
0.71986
0.172591
0
8.92098e-17
8.92098e-17
0
0.515868
0.980176
0.246704
0.0141155
0.838364
0.0353456
0.0321844
0
8.92098e-17
8.92098e-17
0
0.41637
1
0.266457
0.0385067
0.401712
0.403595
0
8.92098e-17
8.92098e-17
0
0.377793
0.939584
0.0321844
0.414138
0.958136
0.525755
0.446992
0
8.92098e-17
8.92098e-17
0
0.366738
0.816128
0.999685
0.116741
0.607345
0.930483
0.522342
0.44933
0.114646
0.155743
8.92098e-17
0
0.602414
0.799431
0.387631
0.134908
0.175075
0.332466
0.831063
0.622981
0.432781
0.167965
0.376566
0.874642
8.92098e-17
0
0.215468
0
0.22563
0.175785
0.0248954
0.172423
0.676156
0.673401
0.495342
0.201093
0.409782
0.999889
0.570377
0.169178
0.0490863
0.455557
0.147083
0.00560956
0.0589648
0.167507
0.710588
0.60655
0.471968
0.324536
0.468442
0.980044
0.510043
0.279663
0.146743
0.590283
0.0904629
0.0767256
0.260909
0.998595
0.804525
0.159847
0.704307
0.906132
0.234107
0.518506
0.308834
0.0799173
0.426891
0.396017
0.242327
0.123694
0.516872
0.593919
0.866798
0.105902
0.721445
0.96626
0.58165
0.133522
0.114331
0.994301
0.499846
0.13732
0.269985
0.503065
0.577968
0.90343
0.599023
0.478996
0.136579
0.640405
0.634848
0.3656
0.0855084
0.923237
0.299494
0.140935
0.504079
0.537759
0.190588
0.976188
0.564649
0.0715131
0.116185
0.625845
0.299076
0.943952
0.881195
0.519442
0.103313
0.221178
0.317918
0.41198
0.27557
0.984125
0.6787
0.302442
0.0971381
0.00219591
0.650914
0.386196
0.278683
0.449644
0.250704
0.0328802
0.0633225
0.934886
0.0393432
0.0849355
0.623922
0.56293
0.12717
0.329391
0.550868
0.71168
0.297159
0.554337
0.874681
0.516115
0.438836
0.738516
0.97702
0.911465
0.655221
0.224567
0.516646
0.988596
0.48708
0.345095
0.505518
0.79263
0.93727
0.990434
0.808346
0.218562
0.47209
0.999592
0.514496
0.276652
0.382605
0.515364
0.527151
0.100057
0.998957
0.488849
0.509584
0.547082
0.519599
0.43355
0.322972
0.424465
0.382797
0.209592
0.832433
0.961999
0.390656
0.232761
0.193145
0.196274
0.551197
0.774585
0.911871
0.995898
0.992654
0.874968
0.749269
0.790326
0.610384
0.309207
0.246256
0.888497
0.717525
0.58274
0.281506
0.329379
0.527635
0.464277
0.679269
0.917339
0.874257
0.967122
0.788205
0.891198
0.853293
0.483689
0.141834
0.207539
0.858479
0.0036378
0.587373
0.907178
0.400178
0.9272
0.896438
0.548494
0.866925
0.774906
0.312
0.450982
0.50498
0.431543
0.320207
0.383478
0.680311
0.446636
0.271062
0.961582
0.39018
0.230034
0.992774
0.328283
0.114581
0.782105
0.247433
0.792065
0.1505
0.515073
0.074527
0.074527
0.515073
0.464271
0.980497
0.713391
0.98867
0.656285
0.685868
0.998976
0.741367
0.749752
0.998706
0.731289
0.447293
0.919984
0.392474
0.319255
0.636288
0.711546
0.486644
0.107707
0.273705
0.236384
0.815811
0.987834
0.973951
0.254691
0.815728
0.836649
0.194012
0.0298761
0.172555
0.0143126
0.997219
0.865641
0.76281
0.310529
0.444705
0.913095
0.297393
0.428953
0.350691
0.139086
0.163945
0.799834
0.550533
0.224978
0.497278
0.941292
0.80101
0.421458
0.310533
0.16093
0.553965
0.972217
0.226923
0.274894
0.217651
0.511982
0.86899
0.598622
0.256632
0.264669
0.387407
0.816234
0.756101
0.266274
0.00736399
0.227634
0.380896
0.775662
0.47359
0.1561
0.241094
0.778959
0.300828
0.051175
0.115384
0.256564
0.603029
0.302918
0.01523
0.241094
0.479757
0.479757
0.241094
0.01523
0.288765
0.388136
0.22466
0.214904
0.389092
0.895927
0.778959
0.241094
0.1561
0.0130603
0.641279
0.640384
0.35421
0.797768
0.303091
0.386017
0.317762
0.235851
0.884517
0.460843
0.568721
0.290082
0.264669
0.350028
0.817771
0.774524
0.125276
0.96401
0.963053
0.957561
0.925667
0.97194
0.857103
0.11622
0.165002
0.152105
0.169348
0.281652
0.705062
0.402254
3.17944e-16
0.997909
0.999995
0.995433
0.956569
0.667719
0.288007
2.11962e-16
0
0
3.17944e-16
0.964416
0.893583
0.735901
2.11962e-16
0
0
3.17944e-16
2.11962e-16
0
0
3.17944e-16
2.11962e-16
0
0
3.17944e-16
2.11962e-16
0
0
3.17944e-16
2.11962e-16
0
0
3.17944e-16
2.11962e-16
0
0
3.17944e-16
2.11962e-16
0
0
2.11962e-16
2.11962e-16
0
0
2.11962e-16
1.05981e-16
0
0
2.11962e-16
1.05981e-16
0
0
2.11962e-16
1.05981e-16
0
0
2.11962e-16
1.05981e-16
0
0
2.11962e-16
1.05981e-16
0
0
2.11962e-16
1.05981e-16
0
0
2.11962e-16
1.05981e-16
0
0
2.11962e-16
1.05981e-16
0.402254
0.464407
0.153048
0.125276
0.565434
0.731057
0.260818
0.201582
0.618349
0.855229
0.136241
0.236301
0.616461
0.990707
0.186068
0.501494
0.96028
0.440448
0.307345
0.585789
0.462633
0.138267
0.146316
0.14428
0.983607
0.353776
0.375823
0.508975
0.698925
0.340085
0.231027
0.403318
0.999662
0.587756
0.528239
0.12811
0.710741
0.864536
0.651001
0.362613
0.493174
0.644321
0.668426
0.670143
0.347299
0.118115
0.317226
0.846951
0.347051
0.368445
0.11829
0.206527
0.31973
0.068787
0.805636
0.975667
0.97501
0.970209
0.888043
0.774566
0.524599
0.277773
0.0885315
0.0548415
0.374362
0.342
0.170189
0.22834
0.443262
0.825935
0.849565
0.47352
0.391375
0.718049
0.150922
0.11829
0.217499
0.0438846
0.0914088
0.257267
0.129329
0.406495
0.434116
0.755454
0.98965
0.137526
0.00683947
0.593899
0.497622
0.474625
0.129329
0.257267
0.0914088
0.0438846
0.217499
0.11829
0.153851
0.402381
0.927041
0.44369
0.0899028
0.00381719
0.68172
0.629816
0.342
0.374362
0.0548415
0.222709
0.272411
0.468197
0.164897
0.999895
0.00786836
0.134198
0.999573
0.909988
0.749918
0.11829
0.368445
0.347051
0.710588
0.167507
0.0656754
0.32982
0.344065
0.896389
0.107779
0.317687
0.991026
0.833806
0.201093
0.495342
0.673401
0.25754
0.0094327
0.1561
0.153613
0.367716
0.0908157
0.29862
0.188463
0.0366622
0.987288
0.647928
0.26817
0.44185
0.479757
0.479757
0.241094
0.1561
0.107635
0.475422
0.826
0.127831
0.214253
0.846069
0.720366
0.1561
0.241094
0.479757
0.479757
0.44185
0.26817
0.153613
0.367716
0.0908157
0.29862
0.16973
0.185523
0.951773
0.470718
0.1561
0.0094327
0.25754
0.673401
0.495342
0.201093
0.107635
0.475422
0.826
0.127831
0.214253
0.976139
0.805306
0.0656754
0.167507
0.710588
0.347051
0.368445
0.11829
0.460872
0.368099
0.330775
0.263498
0.15563
0
0
0
0
0
0
0
0
0
0
0
0
0
0
0
0
0.15563
0.263498
0.330775
0.368099
0.460872
0.153613
0.367716
0.0908157
0.29862
0.16973
0.185523
0.813283
0.944269
0.432715
0.222709
0.0548415
0.374362
0.342
0.270983
0.348533
0.412187
0.482169
0.559453
0.594424
0.464271
0.074527
0.515073
0.869014
0.90626
0.903003
0.929929
0.949716
0.964808
0.964808
0.949716
0.929929
0.903003
0.90626
0.869014
0.80439
0.679604
0.0450755
0.547809
0.616483
0.637014
0.62717
0.523138
0.445632
0.159662
0.114569
0.330775
0.368099
0.288767
0.201304
0.107635
0.475422
0.826
0.127831
0.214253
0.604696
0.999643
0.336223
0.11829
0.217499
0.562781
0.915654
0.751585
0.242181
0.155926
0.516502
0.612508
0.637348
0.909251
0.997522
0.951429
0.943683
0.515073
0.074527
0.464271
0.637014
0.62717
0.523138
0.445632
0.330861
0.179631
0
0
0
0
0
0
0
0
0
0
0
0
0
0
0
0
0
0
0.179631
0.330861
0.445632
0.523138
0.62717
0.637014
0.616483
0.547809
0.0450755
0.679604
0.80439
0.869014
0.90626
0.903003
0.929929
0.949716
0.949716
0.929929
0.903003
0.812281
0.207413
0.280066
0.497639
0.590709
0.516974
0.403408
0.0582689
0.236555
0.330775
0.368099
0.460872
0.164919
0.363773
0.39478
0.29862
0.16973
0.185523
0.265528
0.635067
0.0630824
0.172316
0.63466
0.927341
0.85265
0.246256
0.280695
0.641261
0.831449
0.965897
0.702423
0.537243
0.444343
0.460872
0.368099
0.330775
0.114569
0.159662
0.445632
0.523138
0.335342
0.193021
0.066471
0.437869
0.776529
0.786595
0.766674
0.656211
0.927467
0.949716
0.929929
0.903003
0.729484
0.626006
0.508677
0.375603
0.228352
0.162947
0.243014
0.545681
0.599246
0.25118
0.205265
0.0315402
0.104291
0.634598
0.948176
0.700665
0.483689
0.853293
0.891198
0.995498
0.713756
0.247848
0.388897
0.299664
0.250106
0.176147
0.0863347
0.159662
0.445632
0.523138
0.516866
0.368888
0.458941
0.511636
0.477693
0.999257
0.516192
0.443932
0.388412
0.165002
0.152105
0.169348
0.387688
0.692554
0.948725
0.475355
0.12923
0.488448
0.838516
0.999904
0.908789
0.742884
0.0595394
0.858479
0.207539
0.173326
0.293848
0.398522
0.533645
0.500439
0.952214
0.460843
0.568721
0.44802
0.358477
0.402852
0.510961
0.650914
0.581613
0.179271
0.877108
0.994705
0.973999
0.327195
0.907325
0.442616
0.214904
0.649599
0.980505
0.818998
0.602905
0.490916
0.602639
0.691065
0.994776
0.0633225
0.0328802
0.994476
0.750802
0.999688
0.705789
0.117485
0.392938
0.852726
0.968217
0.436858
0.290136
0.106413
0.424323
0.836199
0.593919
0.592518
0.196425
0.672194
0.999215
0.663382
0.209883
0.738979
0.9332
0.988932
0.102607
0.978829
0.805151
0.269985
0.545274
0.872418
0.292243
0.315475
0.339942
0.334617
0.124626
0.0586474
0.274912
0.311728
0.548601
0.091707
0.701502
0.736433
0.475261
0.581292
0.662217
0.963926
0.310529
0.801965
0.494542
0.538561
0.989161
0.704914
0.243014
0.914528
0.398522
0.287955
0.710629
0.797863
0.0138534
0.9527
0.0681234
0.191024
0.964784
0.252346
0.186849
0.43223
0.117347
0.366133
0.561963
0.0886008
0.426261
0.320309
0.77443
0.0820026
0.429491
0.24886
0.947059
0.525666
0.893963
0.443771
0.279089
0.350481
0.160368
0.98271
0.22167
0.230926
0.230926
0.200524
0.824403
0.350481
0.279089
0.130036
0.437622
0.366597
0.89201
0.138504
0.101864
0.000824261
0.164897
0.107779
0.0875909
0.0166403
0.468197
0.896389
0.0366622
0.0166403
0.0875909
0.272411
0.344065
0.188463
0.622857
0.575386
0.32982
0.29862
0.0315402
0.51412
0.321724
0.39478
0.205265
0.788809
0.175885
0.363773
0.25118
0.298153
0.419817
0.338187
0.281676
0.164919
0.337898
0.101356
0.496648
0.0639285
0.460053
0.96851
0.051605
0.450341
0.149187
0.499394
0.135717
0.346134
0.665105
0.0714619
0.667466
0.636508
0.282614
0.421012
0.421384
0.979794
0.153599
0.36901
0.0594906
0.0974356
0.120471
0.621529
0.322182
0.0749934
0.208666
0.0267208
0.180863
0.635848
0.606912
0.888917
0.804401
0.470289
0.997184
0.643145
0.695614
0.998993
0.850789
0.504399
0.176049
0.820273
0.800821
0.999852
0.420847
0.104417
0.351998
0.475744
0.323205
0.128327
0.829955
0.577656
0.573088
0.365956
0.85954
0.954774
0.91924
0.86949
0.348038
0.225058
0.21489
0.391012
0.952574
0.266832
0.527023
0.840778
0.271758
0.409656
0.80266
0.764
0.763955
0.980021
0.743302
0.170073
0.166738
0.448612
0.792585
0.65004
0.988953
0.597405
0.520373
0.199063
0.951355
0.768346
0.371375
0.495818
0.962315
0.517182
0.767264
0.991174
0.667881
0.337188
0.834367
0.714007
0.543988
0.318185
0.575328
0.967126
0.492565
0.391856
0.836704
0.892159
0.62295
0.956897
0.358775
0.258706
0.376863
0.9632
0.799286
0.440868
0.894538
0.653793
0.476006
0.972191
0.247128
0.682544
0.999938
0.675662
0.461494
0.997911
0.106187
0.194708
0.965005
0.0281282
0.171297
0.825504
0.856978
0.528839
0.504738
0.931395
0.143982
0.82534
0.339896
0.215124
0.333715
0.281766
0.234938
0.778981
0.508729
0.450212
0.871245
0.136041
0.106541
0.554829
0.139683
0.269193
0.628461
0.905527
0.936078
0.401151
0.349025
0.80858
0.904437
0.122705
0.0886083
0.120043
0.113038
0.0141889
0.0806565
0.579239
0.99928
0.564916
0.372242
0.386043
0.990218
0.549278
0.313548
0.573714
0.630208
0.105512
0.179503
0.341015
0.16283
0.300583
0.99948
0.654638
0.308105
0.514894
0.939975
0.557199
0.661082
0.404758
0.148442
0.866734
0.270605
0.0858622
0.555472
0.0304256
0.442933
0.922906
0.633117
0.20686
0.0542515
0.142941
0.146424
0.209124
0.408015
0.309054
0.0168454
0.288237
0.577188
0.0487312
0.186581
0.9845
0.470853
0.00876205
0.0087687
0.179648
0.170183
0.42206
0.319412
0.0693245
0.0306162
0.356435
0.222976
0.399576
0.863758
0.358477
0.125543
0.0932017
0.999411
0.545452
0.148925
0.199832
0.630891
0.252523
0.256189
0.874754
0.313408
0.254065
0.376347
0.875473
0.361278
0.315481
0.999647
0.12329
1.07576e-16
0.123212
0.177166
0.290462
0.698924
0.454657
0.156724
0.869635
0.623603
0.332345
0.584578
0.142141
0.121449
0.686535
0.0135379
0.704674
0.447472
0.283115
0.871075
0.281989
0.247132
0.677716
0.196768
0.129512
0.298734
0.0271571
0.71082
0.439693
0.994554
0.415973
0.278234
0.997626
0.0357522
0.28682
0.0912638
0.0627248
0.625966
0.720457
0.742624
0.685032
0.183748
0.455287
0.122665
0.276323
0.182513
0.209285
0.303317
0.510173
0.307469
0.934176
0.318861
0.349997
0.994251
0.0869563
0.413033
0.999502
0.324088
0.288576
0.120822
0.977497
0.215155
0.552025
0.350553
0.386712
0.979943
0.326031
0
0
0.163369
0.799878
0.294202
0.482861
0.936912
0.132967
0.502375
0.069326
0.0817972
0.0945588
0.341427
0.340421
0.594299
0.839908
0.335377
0.626006
0.0525215
0.162062
0.501368
0.315989
0.230479
0.862101
0.321872
0.508677
0.458941
0.311146
0.464409
0.424732
0.0977905
0.114577
0.999938
0.295405
0.375603
0.511636
0.479715
0.434238
0.78546
0.0946576
0.308998
0.455347
0.228352
0.477693
0.663914
0.410608
0.0792573
0.21711
0.709264
0.150971
0.162947
0.999257
0.293848
0.963391
0.125238
0.0661091
0.262959
0.244891
0.934879
0.243014
0.516192
0.398522
0.424732
0.0977905
0.0485007
0.319074
0.41571
0.263868
0.0320131
0.330254
0.315989
0.230479
0.0264342
0.386552
0.0518417
0.804225
0.138259
0.23213
0.23213
0.341427
0.340421
0
0.466467
0.358677
0.814583
0.0518417
0.330254
0.0320131
0.450003
0.294202
0
0
0.506183
0.106629
0.398522
0.929638
0.243014
0.980649
0.215155
0
0
0.094889
0.0895765
0.225441
0.964289
0.198086
0.109229
0.916891
0.160639
0
0
0.424681
0.118724
0.659303
0.0219376
0.142863
0.598112
0
0
0.659975
0.0406011
0.551197
0.122591
0.870176
0.133436
0
0
0.723675
0.0429561
0.493605
0.294364
0.00899766
0.922571
0.25303
0
0
0.0273701
0.479712
0.22368
0.905944
0.355863
0.552183
0
0
0.114603
0.580363
0.820254
0.0166403
0.316376
0.994958
0.301586
0
0
0.0387434
0.971831
0.433932
0.593147
0.000824261
0.523808
0.228085
0
0
0.00665206
0.807421
0.130036
0.437622
0.422769
0.873045
0.096059
0
0
0.00275794
0.505413
0.118866
0.568443
0.596499
0.817125
0.15325
0.431437
0.388047
0.0731521
0.321734
0.147808
0.946256
0.215894
0.133918
0.675175
0.153987
0.42655
0.380956
0.217422
0.527011
0.970874
0.299532
0.370818
0.679604
0.547809
0.527011
0.217422
0.270394
0.473205
0.458789
0.317582
0.80439
0.616483
0.0731521
0.0731521
0.00197943
0.47023
0.392018
0.151267
0.869014
0.455743
0.135795
0.146209
0.138771
0.481639
0.0423066
0.500233
0.860275
0.281756
0.150485
0.230927
0.228352
0.512358
0.103481
0.795105
0.508317
0.386712
0.979943
0.326031
0.138805
0.827316
0.255791
0.0745473
0.631227
0.130736
0.121394
0.956353
0.349137
0.413033
0.999502
0.324088
0.288059
0.884446
0.0929545
0.868785
0.261838
0.318564
0.466979
0.276323
0.808299
0.209285
0.522955
0.649034
0.30748
0.187205
0.0924128
0.998934
0.272892
0.263017
0.0309907
0.153818
0.864633
0.477621
0.179698
0.0921456
0.552183
0.133485
0.229966
0.0660088
0.207006
0.998414
0.304863
0.0482611
0.250709
0.104024
0.812263
0.00899766
0.0876833
0.0141302
0.0977592
0.525356
0.781907
0.366243
0.115079
0.345954
0.00729017
0.630138
0.00480949
0.853552
0.305199
0.340375
0.851037
0.791106
0.592835
0.387667
0.184936
0.167776
0.47706
0.577439
0.868343
0.379261
0.458999
0.964964
0.801911
0.785469
0.635575
0.192382
0.919518
0.245452
0.354172
0.885307
0.874632
0.493266
0.996969
0.440854
0.692689
0.524657
0.104508
0.732479
0.231224
0.824171
0.617461
0.263691
0.176861
0.613366
0.233871
0.69642
0.44781
0.202694
0.668744
0.386699
0.207582
0.949812
0.140407
0.311567
0.431076
0.781555
0.984247
0.994977
0.583584
0.473559
0.275324
0.902775
0.477489
0.132967
0.936912
0.304802
0.218053
0.57564
0.674963
0.934627
0.989029
0.602855
0.434684
0.19441
0.0576997
0.779259
0.987712
0.805177
0.311699
0.585569
0.983986
0.847007
0.606039
0.657942
0.999602
0.594882
0.0966721
0.552025
0.0334676
0.510346
0.977416
0.897524
0.43449
0.33739
0.934875
0.796636
0.395983
0.377426
0.561095
0.872601
0.83631
0.344332
0.752581
0.597605
0.393139
0.977113
0.195732
0.0134642
0.999115
0.186822
0.27654
0.390771
0.952162
0.816782
0.648502
0.364546
0.836546
0.91242
0.439533
0.31283
0.170232
0.294448
0.684631
0.3284
0.133194
0.31076
0.373641
0.739123
0.3911
0.907325
0.327195
0.289721
0.569896
0.177166
0.0706591
0.112541
0.931239
0.10174
0.271547
0.347625
0.650313
0.991864
0.934375
0.880317
0.0459707
0.0641495
0.192044
0.0666093
0.0927096
0.3079
0.0413342
0.826333
0.0595394
0.01523
0.300828
0.11025
0.0192509
0.387135
0.655529
0.57413
0.702423
0.985645
0.991994
0.954765
0.924176
0.93303
0.902487
0.834655
0.414888
0.588103
0.98548
0.660184
0.391738
0.183939
0.237863
0.640917
0.99961
0.961365
0.803639
0.33701
0.268884
0.93547
0.264669
0.132903
0.619947
0.907036
0.628186
0.363291
0.637253
0.890489
0.99057
0.994059
0.991147
0.983756
0.954665
0.561447
0.72909
0.195258
0.98847
0.999633
0.888871
0.541616
0.413584
0.229613
0.0127481
0.40934
0.742056
0.857923
0.349036
0.213612
0.810167
0.812362
0.139161
0.159815
0.411
0.888098
0.780374
0.890528
0.860332
0.77814
0.450309
0.610186
0.716897
0.289732
0.595017
0.166731
0.239751
0.177365
0.924179
0.98745
0.980656
0.963558
0.899807
0.392445
0.585913
0.216185
0.209903
0.515315
0.469584
0.353513
0.259932
0.165273
0.248031
0.962064
0.800127
0.165398
0.637911
0.768268
0.170214
0.0913027
0.278405
0.514691
0.999608
0.605812
0.978354
0.984499
0.993373
0.984698
0.82773
0.452713
0.0710862
0.11825
0.874599
0.777879
0.0284503
0.0647216
0.64581
0.328208
0.324655
0.338423
0.161726
0.177499
0.610595
0.757818
0.594969
0.679361
0.122614
0.782309
0.788135
0.99583
0.97701
0.899784
0.563382
0.18276
0.196768
0.874148
0.433638
0.297096
0.406307
0.83011
0.997614
0.9373
0.154098
0.343083
0.326359
0.487091
0.795998
0.00884004
0.939235
0.898046
0.255642
0.0868411
0.231604
0.495564
0.4438
0.596244
0.920268
0.997305
0.990169
0.968394
0.0834041
0.282114
0.88234
0.999507
0.27062
0.493843
0.838069
0.364546
0.235774
0.440481
0.25754
0.296176
0.396384
0.153703
0.958348
0.0521289
0.482834
0.999446
0.90706
0.271897
0.444705
0.981834
0.607694
0.444692
0.825425
0.817033
0.775088
0.0250529
0.618431
0.00351284
0.165566
0.870569
0.12923
0.475355
0.948725
0.572395
0.569985
0.689506
0.911246
0.543751
0.962661
0.988274
0.990657
0.418474
0.110917
0.367245
0.205265
0.25118
0.599246
0.545681
0.341448
0.999845
0.695313
0.647264
0.995398
0.999256
0.968033
0.805118
0.429042
0.659257
0.644687
0.0651637
0.363773
0.164919
0.224529
0.740754
0.996035
0.912102
0.848343
0.959488
0.886187
0.572783
0.358854
0.430707
0.915561
0.674243
0.299003
0.747074
0.977205
0.945883
0.851586
0.877479
0.923024
0.871981
0.373106
0.227301
0.923497
0.993003
0.969104
0.997159
0.962319
0.523671
0.972196
0.973527
0.839563
0.96704
0.894825
