0.950694
0.8
0.768742
0.768742
0.860555
0.860555
0.950694
0.950694
0.860555
0.779111
0.860555
0.75
0.8
0.75
0.705533
0.724842
0.574536
0.78125
0.909091
0.909091
0.950694
0.8
0.75
0.8
0.950694
0.882353
0.8
0.768742
0.768742
0.872678
0.950694
0.761774
1
0.620228
0.592273
0.625
0.909091
0.950694
0.8
0.768742
0.768742
0.8
0.950694
0.950694
0.8
0.84644
0.754303
0.872678
0.545455
0.761774
0.909091
0.724842
0.8
0.950694
0.872678
0.857143
0.857143
0.654525
0.674703
0.590265
0.860555
0.545455
0.8
0.950694
0.857143
0.857143
0.724842
0.705533
0.724842
0.625
0.705533
0.950694
0.8
0.768742
0.768742
0.8
0.950694
0.950694
0.8
0.950694
0.950694
0.8
0.950694
0.8
0.75
0.705533
0.625
0.950694
0.950694
0.545455
0.860555
0.622555
0.727456
0.570966
0.650338
0.860555
0.627817
1
0.860555
0.75
0.705533
0.724842
0.857143
0.649588
0.545455
0.705533
0.588235
0.588235
0.6
0.724842
0.950694
0.872678
0.950694
0.950694
0.8
0.950694
0.950694
0.8
0.950694
0.724842
0.705533
0.545455
0.683007
0.674703
0.705533
0.8
0.649588
0.768742
0.860555
0.5
0.621977
0.660154
0.5
0.545455
0.8
0.950694
0.611799
0.950694
0.860555
0.957366
0.768595
0.860555
0.545455
0.545455
0.8
0.545455
0.588235
0.705533
0.768742
0.768742
0.8
0.768742
0.768742
0.872678
0.950694
0.950694
0.867982
0.860555
0.724842
0.909091
0.75
0.8
0.574536
0.622642
0.761774
0.857143
0.818182
0.636878
0.700076
0.720929
0.934483
0.75
0.860555
0.556018
0.73825
0.835218
0.639754
0.706035
0.571429
0.765957
0.553782
0.75
0.860555
0.950694
0.857143
0.857143
0.857143
0.857143
0.772685
0.596591
0.909091
0.909091
0.950694
0.860555
0.828947
0.860555
0.950694
0.950694
0.8
0.75
0.8
0.574536
0.807068
0.649588
0.649588
0.75
0.705533
0.658114
0.860555
0.571429
0.818574
0.860555
0.791515
0.623791
0.634107
0.693694
0.866742
0.56896
0.625643
0.70546
0.674642
0.57735
0.556131
0.950694
0.860555
0.931034
0.860555
0.950694
0.950694
0.860555
0.890101
0.803509
0.737168
0.860555
0.75
0.860555
0.860555
0.950694
0.950694
0.860555
0.860555
0.950694
0.950694
0.8
0.916048
0.950694
0.860555
0.771236
0.860555
0.768742
0.807068
0.625
0.571429
0.6
0.724842
1
0.6
0.724842
0.705533
0.545455
0.649588
0.649588
0.705533
0.761774
0.761774
0.75
0.575542
0.747565
0.675926
0.601022
0.520546
0.711653
0.618915
0.612783
0.572351
0.539007
0.545455
0.950694
0.860555
0.860555
0.950694
0.545455
0.8
0.950694
0.872678
0.950694
0.860555
0.784314
0.860555
0.75
0.860555
0.860555
0.75
0.8
0.950694
0.909091
0.625
0.588235
0.705533
0.75
0.8
0.75
0.8
0.950694
0.950694
0.8
0.768742
0.768742
0.860555
0.860555
0.75
0.8
0.75
0.8
0.75
0.860555
0.849805
0.794508
0.757576
0.794508
0.890101
0.860555
0.545455
0.545455
0.761774
0.753924
0.75
0.5
0.667392
0.629672
0.598612
0.614531
0.571429
0.75
0.595506
0.627017
0.860555
0.691335
0.890101
0.860555
0.545455
0.761774
0.761774
0.545455
0.872678
0.950694
0.950694
0.8
0.950694
0.950694
0.8
0.75
0.860555
0.860555
0.950694
0.950694
0.860555
0.860555
0.950694
0.950694
0.8
0.75
0.860555
0.860555
0.75
0.872678
0.950694
0.705533
0.857143
0.857143
0.761774
0.649588
0.857143
1
0.6076
0.626686
0.902728
0.75
0.695588
0.558511
0.579057
0.888364
0.749489
0.75
0.75
0.729237
0.53678
0.716333
0.75
0.950694
0.860555
0.957366
1
1
0.957366
0.860555
0.545455
0.545455
0.8
0.950694
1
0.545455
0.860555
0.863042
0.860555
0.768742
0.768742
0.8
0.75
0.860555
0.781546
0.692308
0.724138
0.717949
0.735474
0.860555
0.75
0.860555
0.725877
0.725877
0.860555
0.950694
0.950694
0.860555
0.860555
0.75
0.8
0.768742
0.768742
0.8
0.75
0.8
0.768742
0.768742
0.8
0.75
0.872678
0.74667
0.860555
0.578192
0.542103
0.728704
0.720676
0.571429
0.5
0.619835
0.651829
0.639754
0.705087
0.6442
0.65625
0.719005
0.640019
0.622098
0.779508
0.722049
0.653465
0.722261
0.649588
0.857143
1
0.545455
0.625
0.909091
0.950694
0.8
0.950694
0.950694
0.860555
0.828834
0.849805
0.860555
0.950694
0.872678
0.682894
0.621866
0.603072
0.807632
0.761774
0.545455
0.545455
0.649588
0.857143
1
0.690141
0.728785
0.596505
0.76411
0.751766
0.572437
0.595387
0.763838
0.73957
0.934483
0.75
0.860555
0.571429
0.545455
0.860555
0.766884
0.830943
0.860555
0.545455
0.588235
0.6
0.860555
0.545455
0.950694
0.872678
0.75
0.860555
0.860555
0.950694
0.574536
0.649588
0.705882
0.604346
0.950694
0.872678
0.75
0.8
0.75
0.860555
0.743802
0.860555
0.75
0.8
0.768742
0.768742
0.860555
0.957366
0.957366
0.860555
0.75
0.860555
0.810292
0.757539
0.717949
0.705719
0.680851
0.680851
0.705719
0.762775
0.860555
0.950694
1
1
0.857143
0.857143
0.6
1
0.860555
0.956593
0.860555
0.75
0.700696
0.628866
0.659719
1
0.547785
0.761774
0.724842
0.617722
0.6
0.909091
0.950694
0.950694
0.807068
0.75
0.550584
0.706495
0.909091
0.909091
0.950694
0.8
0.75
0.8
0.75
0.8
0.768742
0.768742
0.8
0.75
0.860555
0.860555
0.75
0.860555
0.849805
0.741287
0.6
0.724842
0.857143
0.857143
0.761774
0.6
1
0.6
0.571429
0.818537
0.672904
0.679716
0.684391
0.763436
0.860555
0.75
0.689854
0.705533
0.705533
0.58031
0.761774
0.724842
0.950694
0.8
0.768742
0.768742
0.860555
0.849805
0.794508
0.798059
0.860555
0.75
0.8
0.75
0.860555
0.828965
0.860555
0.724842
0.909091
0.950694
0.872678
0.75
0.860555
0.860555
0.950694
0.761774
0.761774
0.874848
0.950694
0.860555
1
0.614687
0.610954
0.617722
0.565002
0.724842
0.950694
0.622642
0.8
0.724842
0.724842
0.934483
0.635417
0.761774
0.8
0.950694
0.8
0.950694
0.950694
0.8
0.75
0.8
0.75
0.872678
0.950694
0.517241
0.622642
0.545455
0.872678
0.724842
0.909091
0.6
0.801002
0.625519
0.769429
0.571429
0.75
0.8
0.860555
0.6
0.860555
0.690712
0.91907
0.580645
0.950694
0.724842
0.8
0.75
0.950694
0.860555
0.841362
0.860555
0.768742
0.768742
0.8
0.950694
0.950694
0.8
0.75
0.705533
0.724842
0.761774
0.857143
0.649588
0.545455
0.649588
0.649588
0.545455
0.8
0.950694
0.860555
0.724842
0.950694
0.860555
0.587278
0.919263
0.872678
0.950694
0.8
0.75
0.860555
0.860555
0.768742
0.768742
0.8
0.75
0.8
0.768742
0.768742
0.8
0.950694
0.909091
0.625
0.705533
0.950694
0.872678
0.683818
0.556818
0.553962
0.909091
0.950694
0.950694
0.8
0.710968
0.950694
0.872678
0.950694
0.909091
0.909091
0.882353
0.872678
0.950694
0.787542
0.8
0.544218
0.6
0.724842
0.710968
0.8
0.950694
0.8
0.676777
0.849437
0.8
0.705533
0.545455
0.872678
0.950694
0.724842
0.761774
0.985913
0.950694
0.872678
0.754303
0.909091
0.588235
0.545455
0.909091
0.950694
0.909091
0.909091
0.830471
0.934483
0.909091
0.909091
0.909091
0.909091
0.860555
0.8
0.950694
0.860555
0.860555
0.950694
0.674703
0.872678
1
0.724842
0.909091
0.909091
0.741843
0.613902
0.6
0.75
0.950694
0.860555
0.860555
0.768742
0.768742
0.860555
0.860555
0.75
0.8
0.768742
0.807068
0.909091
0.928559
0.8
0.909091
0.625
0.597577
0.860555
0.950694
0.860555
0.860555
0.724842
0.909091
0.574536
0.78125
1
0.78125
0.574536
0.768705
0.909091
0.950694
0.950694
0.625
0.513008
0.539066
0.860555
0.950694
0.860555
0.860555
0.950694
0.950694
0.872678
0.950694
0.761774
0.8881
0.934483
0.668966
0.909091
0.909091
0.8
0.5
0.650009
0.658433
0.950694
0.950694
0.950694
0.8
0.574536
0.807068
0.950694
0.705533
0.724842
0.701104
0.506351
0.571429
0.734587
0.909091
0.909091
0.574536
0.649588
0.542433
0.860555
0.8
0.909091
0.909091
0.78125
0.768742
0.934483
0.588556
0.859565
0.761774
0.724842
0.950694
0.807068
0.75
0.75
0.705533
0.724842
0.950694
0.909091
0.909091
0.860555
0.660557
0.9272
0.806142
0.690485
0.621864
0.8
0.872678
0.723607
0.674703
0.705533
0.950694
0.625
0.647054
0.756123
0.75
0.768653
0.800103
0.684391
0.802488
0.853553
0.625
0.950694
0.909091
0.950694
0.895695
0.813688
0.545455
0.950694
0.872678
0.596115
0.642864
0.525402
0.807477
0.669911
0.75
0.528302
0.819438
0.790632
0.875976
0.571429
0.950694
0.860555
0.860555
0.950694
0.950694
0.8
0.75
0.860555
0.931034
0.860555
0.75
0.8
0.75
0.8
0.950694
0.950694
0.860555
0.860555
0.75
0.8
0.768742
0.768742
0.8
0.950694
0.950694
0.8
0.724842
0.625
0.860555
0.872678
0.916048
0.872678
0.75
0.571429
0.845574
0.780729
1
0.553426
0.605016
0.74262
0.860555
0.545455
0.724842
0.950694
0.8
0.768742
0.768742
0.860555
0.947214
0.860555
0.950694
1
1
0.6
0.950694
0.8
0.545455
0.6
0.574536
0.517241
0.545455
0.872678
0.75
0.860555
0.841362
0.860555
0.768742
0.768742
0.860555
0.860555
0.950694
0.950694
0.8
0.768742
0.768742
0.8
0.574536
0.807068
0.761774
0.75
0.741935
0.75
0.705533
0.795537
0.8
0.616903
0.653574
0.660073
0.860555
0.768742
0.517241
0.8
0.950694
0.860555
0.931034
0.860555
0.75
0.8
0.768742
0.768742
0.8
0.950694
0.950694
0.8
0.724842
0.909091
0.857143
0.857143
0.610766
0.589515
0.619587
0.860555
0.654762
0.761774
0.857143
0.857143
0.724842
0.6
0.860555
0.75
0.872678
0.950694
0.857143
0.649588
0.649588
0.75
0.75
0.9
0.726238
0.872678
0.950694
0.950694
0.565338
0.75
0.75
0.706969
0.680347
0.822144
0.769231
0.617647
0.552632
0.574536
0.950694
0.860555
0.860555
0.950694
0.950694
0.860555
0.931034
0.860555
0.768742
0.768742
0.872678
0.950694
1
0.857143
0.857143
0.724842
0.705533
0.950694
0.950694
0.8
0.75
0.872678
0.545455
0.761774
0.637474
0.577637
0.779794
0.700415
0.723652
0.8
0.761774
0.75
0.533112
0.75
0.660298
0.909091
0.950694
0.860555
0.879658
0.75
0.75
0.988141
0.680948
0.564926
0.768742
0.552632
0.545455
0.574536
0.872678
0.75
0.8
0.950694
0.950694
0.8
0.75
0.860555
0.893766
0.6
0.588235
0.545455
0.8
0.950694
0.857143
0.649588
0.934483
0.950694
0.872678
0.75
0.872678
0.950694
1
0.75
0.613271
0.629738
0.718661
0.608696
0.791626
0.605057
0.724842
0.761774
0.58462
0.614752
0.515713
0.579383
0.581402
0.950694
0.909091
0.860555
0.519231
0.704808
0.75
0.968736
0.843455
0.61628
0.674703
0.761774
0.6
0.545455
0.860555
0.957366
0.879217
0.860555
0.75
0.8
0.75
0.8
0.75
0.8
0.75
0.8
0.75
0.8
0.768742
0.768742
0.705533
0.724842
1
0.950694
0.860555
0.571429
0.574637
0.779243
0.634477
1
0.649931
0.750935
0.690975
0.902876
0.669295
0.687007
0.656127
0.545455
0.717949
0.552257
0.692308
0.637807
0.860555
0.909091
0.545455
0.726963
0.595238
0.630769
0.740832
0.684041
0.574563
0.581818
0.934483
0.632885
0.75
0.533541
0.75
0.860555
0.6
1
1
1
0.761774
0.649588
0.649588
0.860555
0.571429
0.584778
0.696263
0.587214
0.834563
0.571429
0.988141
0.6317
0.950694
0.69437
0.678454
0.571429
0.951266
0.75
0.860555
0.573947
0.860555
0.950694
0.909091
0.590647
0.725347
0.661501
0.591514
0.75
0.674703
0.564055
0.71085
0.791859
0.773297
0.689756
0.6375
0.75
0.647315
0.560345
0.75
0.539521
0.705677
0.592357
0.640453
0.658662
0.571638
0.647385
0.794788
0.545455
0.860555
0.676912
0.815737
0.55781
0.674642
0.81702
0.596638
0.621319
0.963138
0.576921
0.860555
0.701074
0.617354
0.605779
0.544
0.860555
0.558844
0.846172
0.540984
0.771964
0.625
0.950694
0.860555
0.54705
0.926052
0.707865
0.75
0.803046
0.872678
0.876536
0.549903
0.596638
0.549715
0.709625
0.548575
0.571429
0.607991
0.653888
0.526093
0.75
0.546563
0.694365
0.988141
0.662882
0.633755
0.545455
0.807068
0.705891
0.950694
0.625
0.693267
0.712592
0.844041
0.686339
0.75
0.736526
0.689912
0.821032
0.571429
0.761774
0.724842
0.860555
0.578544
0.686622
0.634494
0.724983
0.75
0.690712
0.738236
0.58794
0.860555
0.57487
0.685825
0.75
0.75
0.836573
0.609697
0.725175
0.6582
0.554393
0.582781
0.623877
0.588911
0.545455
0.620504
0.876536
0.75
0.761612
0.658387
0.950694
0.733276
0.697801
0.596723
0.72491
0.571429
0.588472
0.659099
0.962428
0.872592
0.947311
0.620108
0.689737
0.844273
0.76184
0.589561
0.694307
0.514851
0.860555
0.8
0.950694
0.950694
0.75
0.822473
0.860555
0.75
0.800394
0.860555
0.675682
0.75
0.934483
0.75
0.758232
0.686339
0.853737
0.979127
0.723684
0.56944
0.88286
0.589443
0.547826
0.643178
0.828834
0.639754
0.737125
0.835668
0.843592
0.571429
0.60462
0.641129
0.674703
0.581418
0.695237
0.5
0.5
0.724842
0.705533
0.819926
0.8
0.75
0.5
0.623762
0.692633
0.75
0.860555
0.661984
0.711147
0.950694
0.694052
0.539692
0.588593
0.674703
0.734389
0.565555
0.75
0.502703
0.698781
0.729751
0.740832
0.757539
0.702381
0.813249
0.654868
0.721775
0.705952
0.768498
0.686145
0.934483
0.705353
0.571429
0.931537
0.75
0.562534
0.842105
1
0.950694
0.8
0.545455
0.545455
0.545455
0.860555
0.789672
0.860555
0.950694
0.768742
0.687322
0.649588
0.545455
0.75
0.75
0.916497
0.628809
0.625
0.545455
0.5625
0.57002
0.679161
0.934483
0.950694
0.813052
0.85485
0.844083
0.768236
0.65
0.65616
0.5613
0.814815
1
0.654762
0.723607
0.950694
0.934483
0.674061
0.666667
0.860555
0.75
0.6076
0.686873
0.635598
0.79926
0.940394
0.860555
0.860555
0.545455
0.625
0.724842
0.8
0.950694
0.950694
0.8
0.75
0.8
0.950694
0.950694
0.8
0.75
0.860555
0.784314
0.860555
0.950694
0.807068
0.687322
0.768742
0.8
0.75
0.860555
0.633061
0.600778
0.714761
0.632525
0.562088
0.524845
0.950694
0.860555
0.916898
0.659596
0.685583
0.545946
0.636836
0.728744
0.860555
0.75
0.824367
0.5
0.734613
0.583706
0.663889
0.781686
0.612931
0.713328
0.750252
0.844799
0.867347
0.950694
0.860555
0.583218
0.607451
0.553104
0.934483
0.860555
0.571429
0.857143
0.649588
0.872678
0.950694
0.8
0.950694
0.837834
0.705533
0.724842
0.761774
0.625
0.909091
0.890475
0.705533
0.724842
0.586532
0.715127
0.704265
0.742227
0.786346
0.702113
0.658175
0.643178
0.91907
0.992443
0.676777
0.810292
0.653101
0.703592
0.589581
0.602084
0.565458
0.860555
0.630603
0.880173
0.787037
0.578797
0.724842
0.950694
0.674703
0.934483
0.638456
0.574536
0.517241
0.625
0.807068
0.768742
0.860555
0.80932
0.860555
0.940394
0.811448
0.8
0.950694
0.705533
0.674703
0.597669
0.58161
0.909091
0.724842
0.860555
0.860555
0.75
0.860555
0.870148
0.860555
0.940394
0.872678
0.934483
0.519903
0.535199
0.65129
0.641683
0.526907
0.622155
0.66879
0.799834
0.659202
0.773425
0.573581
0.853887
0.551181
0.663889
0.9
0.678013
0.669703
0.701003
0.62348
0.571543
0.75
0.807825
0.639286
0.658175
0.66313
0.950694
0.860555
0.860555
0.950694
0.724842
0.705533
0.950694
0.574536
0.517241
0.909091
0.807068
0.768742
0.8
0.950694
0.705533
0.588235
0.705533
0.75
0.674703
0.562629
0.535433
0.545455
1
0.872678
0.950694
0.8
0.574536
0.768742
0.548694
0.571429
0.816987
0.724382
0.860555
0.75
0.872678
0.75
0.737926
0.781805
0.611512
0.75
0.753372
0.950694
1
0.544721
0.617452
0.630995
0.635382
0.583333
0.571429
0.572356
0.576571
0.689807
1
0.909091
0.909091
0.950694
0.8
0.950694
0.950694
0.8
0.768742
0.768742
0.860555
0.841362
0.860555
0.950694
0.819438
0.872678
0.75
0.8
0.950694
0.75
0.687716
0.538201
0.547468
0.75
0.705533
0.768742
0.807068
0.625
0.517241
0.807068
0.854015
0.571429
0.6
0.576271
0.569545
0.674703
0.662563
0.937292
0.895123
0.777297
0.674703
0.643479
0.712165
0.75
0.934483
0.760342
0.642471
0.934483
0.75
0.9219
0.991666
0.674703
0.573333
0.597524
0.836573
0.654078
0.582428
0.548328
0.564055
0.750124
0.851745
0.745046
0.671454
0.668936
0.655688
0.709677
0.75
0.857143
0.909091
0.724842
0.8
0.950694
0.705533
0.75
0.570649
0.509091
0.775053
0.839071
0.860555
0.622642
0.78125
0.619834
0.950694
0.860555
0.587214
0.557385
0.7497
0.627474
0.860555
0.860555
0.75
0.860555
0.559737
0.580953
0.75
0.730851
0.950694
0.542597
0.812361
0.539148
0.676777
0.567121
0.795213
0.76746
1
0.794934
0.794934
0.929023
0.75
0.75
0.590211
0.661245
1
1
0.807068
0.574536
0.860555
0.860555
0.950694
0.950694
0.588235
0.724842
0.565856
0.860555
0.75
0.703814
0.75
0.6
0.590139
0.764674
0.860555
0.674703
0.545455
0.860555
0.545455
0.544
0.78688
0.781284
0.817249
0.75
0.690946
0.646552
0.535565
0.872678
0.795009
0.688785
0.816884
0.916898
0.588673
0.626781
0.636156
0.674642
0.529801
0.571429
0.571429
0.502762
0.593008
0.719054
0.815296
0.860555
0.691516
0.860555
0.75
0.8
0.75
0.8
0.950694
0.860555
0.6
0.710067
0.668359
0.548
0.860555
0.571429
0.6
0.630186
0.671875
0.61026
0.749418
0.888792
0.770347
0.81018
0.724842
0.761774
0.522596
0.561738
0.90568
0.950694
0.629146
0.638469
0.860555
0.660377
0.792937
0.922594
0.632432
0.726652
0.655912
0.589682
0.532216
0.658766
0.525547
0.622975
0.698081
0.75
0.8
0.545455
0.761774
0.872678
0.950694
0.8
0.916048
0.754821
0.860555
0.714832
0.61599
0.526791
0.674703
0.573684
0.588415
0.75
0.860555
0.544737
0.934483
0.721801
0.676705
0.75
0.545455
0.572773
0.804255
0.573635
0.679505
0.909091
0.724842
0.860555
0.860555
0.75
0.725296
0.8
0.900316
0.628571
0.893258
0.71907
0.75
0.72881
0.691785
0.621853
0.672483
0.585769
0.720316
0.629857
0.78443
0.69956
0.530607
0.705533
0.588235
0.705533
0.75
0.8
0.916048
0.950694
0.872678
0.950694
0.872678
0.860555
0.75
0.56725
0.662577
0.585061
0.576159
0.674703
0.545455
0.748611
1
0.75
0.659792
0.674703
0.75
0.91907
0.950694
0.837087
0.761774
0.617024
0.934483
0.75
0.574563
0.676516
0.551027
0.621533
0.934483
0.875976
0.712165
0.880173
0.972971
0.75
0.5
0.717663
0.641129
0.590211
0.574536
0.552632
0.545455
0.622642
0.909091
0.950694
0.8
0.950694
0.950694
0.860555
0.860555
0.724842
0.909091
0.75
0.860555
0.860555
0.807068
0.950694
0.545455
0.624131
0.613131
0.860555
0.75
0.761774
0.5
0.761774
0.566478
0.782929
0.59187
0.592593
0.872678
0.782673
0.652162
0.663892
0.614146
0.571429
0.624161
0.643726
0.586003
0.950694
0.860555
0.571429
0.8125
0.791303
0.66942
0.75
0.75
0.692603
0.581656
0.576044
0.570967
0.628037
0.981922
0.860555
0.571429
0.814456
0.855729
0.878802
0.544598
0.748704
0.69325
0.740866
0.65
0.761774
0.642857
0.687322
0.687322
0.622642
0.950694
0.8
0.75
0.8
0.75
0.860555
0.782811
0.6
0.724842
0.909091
0.807068
0.768742
0.8
0.75
0.8
0.950694
0.950694
0.860555
0.781546
0.741287
0.860555
0.950694
0.950694
0.8
0.768742
0.768742
0.8
0.768742
0.768742
0.860555
0.860555
0.545455
1
0.704502
0.571429
0.8
0.8
0.602395
0.775195
0.605764
0.646849
0.6089
1
0.75
0.860555
0.651163
0.757539
0.670467
0.707757
0.619315
0.678812
0.860555
0.571429
0.611648
0.653053
0.75
0.934483
0.674708
0.823033
0.579123
0.771964
0.757256
0.75776
0.75
0.660447
0.765957
0.75
0.761774
0.545455
0.860555
0.878443
0.860555
0.75
0.860555
0.765217
0.778031
0.860555
0.75
0.8
0.768742
0.768742
0.8
0.768742
0.768742
0.860555
0.6
0.724842
1
0.705533
0.674703
0.574536
0.78125
0.761774
0.545455
0.8
0.950694
0.545455
0.8
0.545455
0.649588
0.857143
0.857143
0.857143
0.575858
0.54648
1
0.75
0.950694
0.950694
0.6
0.582771
0.860555
0.558126
0.759801
0.598348
0.69325
0.703429
0.860555
0.75
0.694919
0.782843
0.5848
0.934483
0.528846
0.591104
0.75
0.75
0.852822
0.868941
0.599041
0.623296
0.536913
0.620185
0.571429
0.598425
0.646205
0.571429
0.610056
0.705533
0.545455
0.517241
0.574536
0.857143
0.857143
0.872678
0.573809
0.520816
0.674924
0.860555
0.709074
0.75
0.604591
0.655322
0.631774
0.75
0.629636
0.705719
0.571429
0.8
0.8
0.860555
0.950694
0.727824
0.529817
0.638103
0.6
0.75
0.670884
0.85485
0.601639
0.643678
0.670811
0.674867
0.8
0.742379
0.860555
0.950694
0.723221
0.836573
0.660557
0.584945
0.692395
0.712905
0.690087
0.66964
0.694444
0.578567
0.572984
0.713437
0.821738
0.934483
0.648702
0.884604
0.844799
0.744792
0.571429
0.564928
0.72667
0.738713
0.533333
0.608863
0.570747
0.934483
0.761774
0.75
0.934483
0.75
0.596591
0.674703
0.75
0.594567
0.567439
0.690712
0.625205
0.592593
0.643043
0.725316
0.8
0.811426
0.674703
0.674703
0.574536
0.574536
0.950694
0.909091
0.658958
0.950694
0.838869
0.724842
0.668206
0.950694
0.724842
0.934483
0.860555
0.658728
0.579071
0.519231
0.683899
0.571429
0.75
0.674703
0.682045
0.654762
0.596154
0.549618
0.909091
0.950694
0.677501
0.650231
0.596037
0.766802
0.665037
0.78343
0.644163
0.602325
0.860555
0.682363
0.933333
0.542072
0.85785
0.633094
0.694219
0.814985
0.573669
0.63049
0.860555
0.75
0.860555
0.562229
0.592087
0.564282
0.673061
0.533884
0.578942
0.605591
0.759422
0.625556
0.643082
0.56896
0.565573
0.950694
0.74122
0.545556
0.950694
0.545455
0.574536
0.622642
0.950694
0.724842
0.761774
0.624204
0.545455
0.699817
0.860555
0.75
0.70863
0.545455
0.860555
0.594403
0.571429
0.674703
0.635121
0.585324
0.8
0.561515
0.655979
0.551887
0.524138
0.552
0.75
0.571429
0.704293
0.598059
0.729338
0.6
0.725154
0.700435
0.658157
0.716547
0.734295
0.742379
0.525
0.974559
0.772029
0.599435
0.75
0.581694
0.552664
1
0.75
0.860555
0.76793
0.665917
0.934483
0.681056
0.874983
0.79833
0.705533
0.674703
0.705533
0.860555
0.518797
0.796421
0.525
0.567802
0.693758
0.75
0.6
0.611943
0.934483
0.553846
0.950694
0.625
0.860555
0.950694
0.724842
0.860555
0.601639
0.764979
0.571429
0.596221
1
0.75
0.998121
0.636999
0.674703
0.860555
0.691212
0.576107
0.80104
0.836573
0.675142
0.584416
0.621399
0.621399
0.623004
0.685958
0.676777
0.699028
0.721697
0.984377
0.561401
0.605591
0.614857
0.520975
0.724842
0.909091
0.851295
0.948434
0.598575
0.669071
0.571429
0.674703
0.565611
0.62416
0.614203
0.63334
0.573921
0.860555
0.779243
0.536643
0.586897
0.651127
0.860555
0.815217
0.602656
0.692338
0.75
0.860555
0.545455
0.588235
0.950694
0.860555
0.578657
0.820513
0.590627
0.6875
0.567408
0.860555
0.75
0.659397
0.860555
0.658728
0.582961
0.872678
0.609218
0.934483
0.554759
0.761774
0.724338
0.586244
0.577448
0.860555
0.661245
0.655912
0.514286
0.838182
1
0.75
0.566508
0.734389
0.670467
0.692455
0.685504
0.697651
0.741935
0.795009
0.779126
0.601639
0.68007
0.800394
0.75
0.708463
0.621275
0.934483
0.75
0.700207
0.545455
0.860555
0.654078
0.674703
0.656127
0.658581
0.773727
0.676529
0.64731
0.777369
0.767125
0.751532
0.860555
0.75
0.545455
0.639198
0.860555
0.719549
0.517241
0.574536
0.75
0.860555
0.687006
0.704293
0.799044
0.738585
0.75
0.571429
0.669967
0.607489
0.540794
0.934483
0.592087
0.546314
0.925471
0.65625
0.637462
0.779943
0.694365
0.75
0.901487
0.571429
0.688327
0.571429
0.934483
0.647262
0.942923
0.529355
0.624626
0.574822
0.82596
0.934483
0.724502
0.934483
0.710376
0.734965
0.6
0.8
0.860555
0.859479
0.524325
0.550259
0.563147
0.850384
0.860555
0.950694
0.860555
0.909091
0.807068
0.768742
0.872678
0.75
0.614333
0.543271
0.934483
0.537268
0.594544
0.75
0.597622
0.75
0.571429
0.64176
0.75
0.608071
0.674703
0.880173
0.824367
0.788771
0.981922
0.619851
0.721217
0.671825
0.675802
0.541924
0.681056
0.75
0.704497
0.75
0.617647
0.860555
0.717213
0.854393
0.699009
0.934483
0.964286
0.534561
0.75
0.872678
0.950694
0.819926
0.705533
0.724842
0.785235
0.596164
0.75
0.78125
0.622642
0.625
0.909091
0.860555
0.860555
0.876311
0.715945
0.60272
0.624889
0.690837
0.754951
0.683562
0.529554
0.533112
0.556818
0.562275
0.565205
0.684948
0.947903
0.874366
0.813564
0.950694
0.950694
0.685862
0.770258
0.920426
0.694599
0.557934
0.647642
0.926333
0.610495
0.66556
0.528281
0.546264
0.654813
0.643178
0.670467
0.575459
0.948164
0.686494
0.571429
0.75
0.75
0.646584
0.6
0.6
0.574536
0.857143
0.752669
0.605572
0.917324
0.909091
0.909091
0.909091
0.909091
0.786954
0.812486
0.791626
0.75
0.909091
0.807068
0.768742
0.8
0.950694
0.860555
0.909091
0.950694
0.745836
0.761774
0.634146
0.613091
0.75
0.753619
0.752058
0.676005
0.62676
0.860555
0.658581
0.744847
0.926174
0.869623
0.574536
0.69597
0.600461
0.872678
0.934483
0.858469
0.5296
0.934483
0.569734
0.571429
0.687322
0.687322
0.724842
0.705533
0.75
0.8
0.75
0.860555
0.860555
0.574536
0.807068
1
0.654549
0.75
0.545455
0.909091
0.950694
0.724842
0.545455
0.653886
0.791051
0.523866
0.761774
0.909091
0.909091
0.864853
0.705533
0.724842
0.673903
0.75
0.934483
0.535714
0.9
0.763055
0.612673
0.761305
0.732656
0.720086
0.697642
0.906143
1
0.953382
0.767273
0.526316
0.643178
0.740832
0.652882
0.860555
0.759573
0.75
0.790581
0.593909
0.75
0.854545
0.888364
0.736558
0.674703
0.691617
0.76411
0.663478
0.599334
0.872678
0.857143
0.649588
0.545455
0.872678
0.768742
0.768742
0.8
0.950694
0.950694
0.8
0.75
0.872678
0.568577
0.5
0.76366
0.739579
0.872678
0.8
0.761774
0.566502
0.660463
0.625
0.724842
0.860555
0.931034
0.860555
0.950694
0.872678
0.77389
0.813098
0.608797
0.609023
0.508929
0.593142
0.641937
0.639198
0.5625
0.934483
0.756731
0.729061
0.616732
0.637097
0.881035
0.645168
0.614857
0.926174
0.674862
0.671875
0.567561
0.715854
0.568623
0.75
0.705533
0.75
0.8
0.950694
0.724842
0.705533
0.768742
0.768742
0.8
0.950694
0.872678
0.934483
0.75
0.950694
0.950694
0.75
0.8
0.724842
0.909091
0.950694
0.860555
0.909091
0.909091
0.950694
0.950694
0.768404
0.731743
0.597315
0.571429
0.715922
0.715922
0.832415
0.671052
0.644312
0.509018
0.58726
0.63448
0.523033
0.584416
0.571429
0.582292
0.860555
0.685714
0.55286
0.685958
0.787938
0.757539
0.936458
0.581395
0.831399
0.608601
0.71692
0.780284
0.571429
0.560474
0.674703
0.950694
0.630669
0.872678
0.705533
0.588235
0.705533
0.950694
0.890475
0.705533
0.724842
0.636111
0.574173
0.624226
0.546135
0.860555
0.950694
0.705533
0.588235
0.545455
0.860555
0.707411
0.781546
0.860555
0.950694
0.872678
0.777849
0.622098
0.858307
0.5269
0.712277
0.576059
0.693935
0.651269
0.804018
0.750156
0.733007
0.813169
0.816429
0.76447
0.75
0.746081
0.686622
0.558621
0.725421
0.535714
0.722826
0.860555
0.545455
0.75
0.622642
0.78125
0.625
0.950694
0.781037
0.8
0.950694
0.724842
0.761774
0.860555
0.950694
0.8
0.950694
0.950694
0.724842
0.513205
0.571429
0.613778
0.860555
0.950694
0.5471
0.780903
0.582091
0.712066
0.922368
0.558926
0.602277
0.55418
0.535944
0.52933
0.745407
0.836135
0.80704
0.832083
0.737125
1
0.723291
0.814815
0.704947
0.860555
0.672445
0.655124
0.598404
0.515152
0.545455
0.934483
0.724842
0.6
0.860555
0.545455
0.625
0.807068
0.768742
0.860555
0.860555
0.950694
0.8
0.75
0.740963
0.761774
0.75
0.705533
0.653778
0.666059
0.648716
0.724842
0.761774
0.836957
0.566189
0.768898
0.699248
0.780346
0.950694
0.571429
0.804665
0.786395
0.761774
0.872678
0.580515
0.805219
0.718062
0.75
0.632522
0.612917
0.706473
0.674703
0.705533
0.6
0.545455
0.8
0.950694
0.78125
0.622642
0.872678
0.950694
0.8
0.950694
0.950694
0.545455
0.501222
0.654131
0.860555
0.687264
0.8
0.75
0.761774
0.618454
0.579651
0.934483
0.598061
0.934483
0.832509
0.675226
0.759573
0.703026
0.909091
0.724842
0.860555
0.860555
0.545455
0.517241
0.574536
0.6
0.909091
0.724842
0.705533
0.724842
0.857143
0.75
0.761774
0.934483
0.622745
0.692093
0.529416
1
0.724842
0.705533
0.75
0.8
0.75
0.860555
0.777297
0.757539
0.741287
0.860555
0.950694
0.950694
0.860555
0.860555
0.768742
0.768742
0.860555
0.860555
0.822126
0.872678
0.617851
0.545455
0.950694
0.860555
0.577529
0.757267
0.860555
0.764311
0.721638
0.803798
0.6
0.950694
0.8
0.768742
0.768742
0.860555
0.860555
0.75
0.8
0.950694
0.950694
0.8
0.574536
0.807068
0.909091
0.588235
0.909091
1
1
0.909091
0.724842
0.8
0.950694
0.742063
0.860555
0.860555
0.782551
0.860555
0.860555
0.534015
0.635893
0.578673
0.731459
0.850914
0.802392
0.974559
0.860555
0.950694
0.8
0.950694
0.950694
0.8
0.724842
0.909091
0.952362
0.606046
1
1
0.950694
0.860555
0.731311
0.860555
0.75
0.860555
0.860555
0.950694
0.872678
1
1
0.860555
0.950694
0.625
0.53984
0.744414
0.75
0.570662
0.860555
0.661284
0.780179
0.75
0.6
0.860555
0.75
0.8
0.608146
0.950694
0.860555
0.6
0.724842
0.950694
0.8
0.950694
0.950694
0.8
0.950694
0.761774
0.625
0.724842
0.8
0.75
0.8
0.950694
0.916048
0.8
0.75
0.8
0.75
0.8
0.807068
0.909091
0.724842
0.566329
0.544183
0.5
0.60272
0.656003
0.975483
0.549759
0.741153
0.860555
1
0.872678
0.950694
0.860555
0.860555
0.950694
0.950694
0.860555
0.957366
1
1
1
0.957366
0.860555
0.950694
0.950694
0.8
0.75
0.8
0.950694
0.705533
0.779221
0.749313
0.571429
0.586162
0.553721
0.794025
0.79336
0.872678
0.950694
0.950694
0.950694
0.789672
0.663889
0.868421
0.75
0.909091
0.724842
0.8
0.837209
0.860555
0.674192
0.78125
0.658853
0.683035
0.908852
0.650231
0.866466
0.744738
0.6
0.872678
0.860555
0.643414
0.625923
0.619048
0.974559
0.888364
0.934483
0.950694
0.686703
0.643051
0.75
0.6
0.860555
0.950694
0.840242
0.705533
0.724842
0.857143
0.649588
0.628866
0.866466
0.605301
0.992443
0.922589
0.950694
0.872678
0.950694
0.950694
0.8
0.768742
0.807068
0.909091
1
0.860555
0.889849
0.539581
0.787864
0.909091
0.909091
0.950694
0.860555
0.860555
0.724842
0.909091
0.78125
0.574536
0.78125
0.574536
0.881204
0.755736
0.950694
0.872678
0.950694
0.950694
0.860555
0.860555
0.768742
0.768742
0.8
0.768742
0.768742
0.705533
0.724842
0.816619
0.821412
0.895695
0.950694
0.872678
0.950694
0.950694
0.705533
0.724842
0.574536
0.574536
0.860555
0.574733
0.527349
0.847498
0.807068
0.574536
0.8
0.867133
0.950694
0.8
0.574536
0.622642
0.545455
0.860555
0.677966
0.714286
0.974559
1
0.75
0.75
0.649588
0.705533
0.950694
0.860555
0.860555
0.75
0.860555
0.741287
0.781546
0.860555
0.75
0.8
0.950694
0.950694
0.705533
0.588235
0.75
0.55418
0.659596
0.654762
0.545455
0.5
0.705533
0.950694
0.950694
0.860555
0.860555
0.950694
0.761774
1
0.909091
0.724842
0.860555
0.860555
0.950694
0.909091
0.625
0.761774
0.761774
0.568933
0.66983
0.737171
0.598649
0.817532
0.706467
0.761774
0.588235
0.705533
0.574536
0.622642
0.64194
0.602941
1
0.909091
0.950694
0.950694
0.8
0.75
0.705533
0.5
0.761774
0.571429
0.733279
0.566387
0.860555
0.950694
0.574536
0.574536
0.721637
0.75
0.8
0.705533
0.545455
0.545455
0.860555
0.860555
0.950694
0.844968
0.860555
0.526954
0.643849
0.75
0.988141
1
0.75
0.867133
0.8
0.75
0.705533
0.588235
0.545455
0.588235
0.761774
0.723684
0.753763
0.833587
0.820156
0.702031
0.889924
0.8
0.950694
0.8
0.75
0.705533
0.588235
0.761774
0.857143
0.768742
0.8
0.75
0.571429
0.797788
0.626491
0.859606
0.872678
0.916048
0.950694
0.8
0.75
0.8
0.574536
0.622642
0.705533
0.934483
0.632025
0.801665
0.823412
0.628378
0.897747
0.685177
0.872678
0.950694
0.8
0.75
0.860555
0.6
0.724842
0.583854
0.521378
0.625
0.950694
0.950694
0.860555
0.729061
0.752055
0.860555
0.950694
1
0.592195
0.909091
0.909091
0.950694
0.8
0.75
0.860555
0.906489
0.860555
0.637157
0.75
0.571429
0.860555
0.950694
0.909091
0.909091
0.872678
0.761774
0.545455
0.588235
0.705533
0.950694
0.916048
0.8
0.75
0.8
0.75
0.860555
0.860555
0.950694
